>>> %Run -c $EDITOR_CONTENT

MPY: soft reboot
NETWORK: paired RSSI probe responder
CONFIG: run_id=run02 env=indoor_static distance_cm=100 freq_mhz=922.0 sf=7 bw=125000 cr=4/5 tx_power=14
NETLOG_HEADER,marker,run_id,env,seq,distance_cm,freq_mhz,sf,bw_khz,cr,tx_power_dbm,t_ms,rssi_network,snr_network,payload_len,ok
NETLOG,run02,indoor_static,0,100,922.000,7,125,4/5,14,15101,-60,10.0,36,1
NETWORK: reply timeout seq=0
NETLOG,run02,indoor_static,1,100,922.000,7,125,4/5,14,17439,-61,10.0,36,1
NETLOG,run02,indoor_static,2,100,922.000,7,125,4/5,14,17980,-63,10.0,36,1
NETLOG,run02,indoor_static,3,100,922.000,7,125,4/5,14,18521,-63,10.25,36,1
NETLOG,run02,indoor_static,4,100,922.000,7,125,4/5,14,19062,-63,11.25,36,1
NETLOG,run02,indoor_static,5,100,922.000,7,125,4/5,14,19603,-63,10.0,36,1
NETLOG,run02,indoor_static,6,100,922.000,7,125,4/5,14,20144,-63,9.75,36,1
NETLOG,run02,indoor_static,7,100,922.000,7,125,4/5,14,20685,-63,10.0,36,1
NETLOG,run02,indoor_static,8,100,922.000,7,125,4/5,14,21225,-63,10.25,36,1
NETLOG,run02,indoor_static,9,100,922.000,7,125,4/5,14,21766,-63,10.25,36,1
NETLOG,run02,indoor_static,10,100,922.000,7,125,4/5,14,22312,-63,10.5,37,1
NETLOG,run02,indoor_static,11,100,922.000,7,125,4/5,14,22858,-64,9.5,37,1
NETLOG,run02,indoor_static,12,100,922.000,7,125,4/5,14,23404,-64,12.5,37,1
NETLOG,run02,indoor_static,13,100,922.000,7,125,4/5,14,23952,-63,9.5,37,1
NETLOG,run02,indoor_static,14,100,922.000,7,125,4/5,14,24498,-64,10.0,37,1
NETLOG,run02,indoor_static,15,100,922.000,7,125,4/5,14,25044,-64,9.5,37,1
NETLOG,run02,indoor_static,16,100,922.000,7,125,4/5,14,25590,-64,9.25,37,1
NETLOG,run02,indoor_static,17,100,922.000,7,125,4/5,14,26136,-64,9.75,37,1
NETLOG,run02,indoor_static,18,100,922.000,7,125,4/5,14,26684,-64,9.75,37,1
NETLOG,run02,indoor_static,19,100,922.000,7,125,4/5,14,27231,-64,11.75,37,1
NETLOG,run02,indoor_static,20,100,922.000,7,125,4/5,14,27782,-63,9.5,37,1
NETLOG,run02,indoor_static,21,100,922.000,7,125,4/5,14,28328,-64,9.75,37,1
NETLOG,run02,indoor_static,22,100,922.000,7,125,4/5,14,28876,-64,9.75,37,1
NETLOG,run02,indoor_static,23,100,922.000,7,125,4/5,14,29422,-64,9.5,37,1
NETLOG,run02,indoor_static,24,100,922.000,7,125,4/5,14,29968,-64,9.5,37,1
NETLOG,run02,indoor_static,25,100,922.000,7,125,4/5,14,30514,-63,9.25,37,1
NETLOG,run02,indoor_static,26,100,922.000,7,125,4/5,14,31060,-66,12.0,37,1
NETLOG,run02,indoor_static,27,100,922.000,7,125,4/5,14,31606,-66,9.5,37,1
NETLOG,run02,indoor_static,28,100,922.000,7,125,4/5,14,32152,-66,9.5,37,1
NETLOG,run02,indoor_static,29,100,922.000,7,125,4/5,14,32698,-66,9.5,37,1
NETLOG,run02,indoor_static,30,100,922.000,7,125,4/5,14,33244,-65,9.5,37,1
NETLOG,run02,indoor_static,31,100,922.000,7,125,4/5,14,33790,-65,9.5,37,1
NETLOG,run02,indoor_static,32,100,922.000,7,125,4/5,14,34336,-66,9.5,37,1
NETLOG,run02,indoor_static,33,100,922.000,7,125,4/5,14,34882,-65,9.5,37,1
NETLOG,run02,indoor_static,35,100,922.000,7,125,4/5,14,37771,-66,9.0,37,1
NETLOG,run02,indoor_static,36,100,922.000,7,125,4/5,14,38317,-66,9.5,37,1
NETLOG,run02,indoor_static,37,100,922.000,7,125,4/5,14,38863,-65,9.25,37,1
NETLOG,run02,indoor_static,38,100,922.000,7,125,4/5,14,39409,-66,9.25,37,1
NETLOG,run02,indoor_static,39,100,922.000,7,125,4/5,14,39955,-66,9.5,37,1
NETLOG,run02,indoor_static,40,100,922.000,7,125,4/5,14,40501,-65,9.5,37,1
NETLOG,run02,indoor_static,42,100,922.000,7,125,4/5,14,43389,-66,9.25,37,1
NETLOG,run02,indoor_static,43,100,922.000,7,125,4/5,14,43935,-65,9.75,37,1
NETLOG,run02,indoor_static,44,100,922.000,7,125,4/5,14,44481,-66,9.25,37,1
NETLOG,run02,indoor_static,45,100,922.000,7,125,4/5,14,45027,-66,9.75,37,1
NETLOG,run02,indoor_static,46,100,922.000,7,125,4/5,14,45573,-66,9.0,37,1
NETLOG,run02,indoor_static,47,100,922.000,7,125,4/5,14,46119,-64,9.0,37,1
NETLOG,run02,indoor_static,48,100,922.000,7,125,4/5,14,46665,-64,9.25,37,1
NETLOG,run02,indoor_static,49,100,922.000,7,125,4/5,14,47211,-65,9.25,37,1
NETLOG,run02,indoor_static,50,100,922.000,7,125,4/5,14,47757,-66,9.5,37,1
NETLOG,run02,indoor_static,51,100,922.000,7,125,4/5,14,48303,-66,10.0,37,1
NETLOG,run02,indoor_static,53,100,922.000,7,125,4/5,14,51191,-65,9.75,37,1
NETLOG,run02,indoor_static,54,100,922.000,7,125,4/5,14,51737,-66,9.75,37,1
NETLOG,run02,indoor_static,55,100,922.000,7,125,4/5,14,52283,-66,9.5,37,1
NETLOG,run02,indoor_static,56,100,922.000,7,125,4/5,14,52829,-66,9.75,37,1
NETLOG,run02,indoor_static,57,100,922.000,7,125,4/5,14,53376,-66,10.0,37,1
NETLOG,run02,indoor_static,58,100,922.000,7,125,4/5,14,53922,-68,9.75,37,1
NETLOG,run02,indoor_static,59,100,922.000,7,125,4/5,14,54468,-66,9.5,37,1
NETLOG,run02,indoor_static,60,100,922.000,7,125,4/5,14,55015,-65,9.5,37,1
NETLOG,run02,indoor_static,61,100,922.000,7,125,4/5,14,55561,-65,9.5,37,1
NETLOG,run02,indoor_static,62,100,922.000,7,125,4/5,14,56107,-65,9.75,37,1
NETLOG,run02,indoor_static,64,100,922.000,7,125,4/5,14,58995,-66,9.5,37,1
NETLOG,run02,indoor_static,65,100,922.000,7,125,4/5,14,59541,-66,9.75,37,1
NETLOG,run02,indoor_static,66,100,922.000,7,125,4/5,14,60087,-66,9.5,37,1
NETLOG,run02,indoor_static,67,100,922.000,7,125,4/5,14,60633,-66,9.5,37,1
NETLOG,run02,indoor_static,68,100,922.000,7,125,4/5,14,61179,-66,9.75,37,1
NETLOG,run02,indoor_static,69,100,922.000,7,125,4/5,14,61725,-66,9.5,37,1
NETLOG,run02,indoor_static,70,100,922.000,7,125,4/5,14,62271,-66,9.25,37,1
NETLOG,run02,indoor_static,71,100,922.000,7,125,4/5,14,62817,-66,9.75,37,1
NETLOG,run02,indoor_static,72,100,922.000,7,125,4/5,14,63363,-66,9.75,37,1
NETLOG,run02,indoor_static,73,100,922.000,7,125,4/5,14,63909,-65,9.25,37,1
NETLOG,run02,indoor_static,74,100,922.000,7,125,4/5,14,64455,-65,9.25,37,1
NETLOG,run02,indoor_static,75,100,922.000,7,125,4/5,14,65001,-64,9.5,37,1
NETLOG,run02,indoor_static,76,100,922.000,7,125,4/5,14,65547,-65,9.0,37,1
NETLOG,run02,indoor_static,77,100,922.000,7,125,4/5,14,66093,-64,9.25,37,1
NETLOG,run02,indoor_static,78,100,922.000,7,125,4/5,14,66639,-64,9.75,37,1
NETLOG,run02,indoor_static,79,100,922.000,7,125,4/5,14,67185,-65,9.25,37,1
NETLOG,run02,indoor_static,80,100,922.000,7,125,4/5,14,67731,-65,9.0,37,1
NETLOG,run02,indoor_static,81,100,922.000,7,125,4/5,14,68277,-65,9.25,37,1
NETLOG,run02,indoor_static,82,100,922.000,7,125,4/5,14,68823,-65,9.25,37,1
NETLOG,run02,indoor_static,83,100,922.000,7,125,4/5,14,69369,-64,9.25,37,1
NETLOG,run02,indoor_static,84,100,922.000,7,125,4/5,14,69915,-65,9.5,37,1
NETLOG,run02,indoor_static,85,100,922.000,7,125,4/5,14,70461,-66,9.75,37,1
NETLOG,run02,indoor_static,86,100,922.000,7,125,4/5,14,71007,-66,10.0,37,1
NETLOG,run02,indoor_static,87,100,922.000,7,125,4/5,14,71553,-66,9.5,37,1
NETLOG,run02,indoor_static,88,100,922.000,7,125,4/5,14,72099,-66,9.5,37,1
NETLOG,run02,indoor_static,89,100,922.000,7,125,4/5,14,72645,-66,9.5,37,1
NETLOG,run02,indoor_static,90,100,922.000,7,125,4/5,14,73191,-66,9.25,37,1
NETLOG,run02,indoor_static,91,100,922.000,7,125,4/5,14,73737,-66,10.0,37,1
NETLOG,run02,indoor_static,92,100,922.000,7,125,4/5,14,74283,-66,9.5,37,1
NETLOG,run02,indoor_static,93,100,922.000,7,125,4/5,14,74831,-66,9.0,37,1
NETLOG,run02,indoor_static,94,100,922.000,7,125,4/5,14,77173,-66,9.25,37,1
NETLOG,run02,indoor_static,95,100,922.000,7,125,4/5,14,77719,-66,9.25,37,1
NETLOG,run02,indoor_static,96,100,922.000,7,125,4/5,14,78265,-66,9.25,37,1
NETLOG,run02,indoor_static,97,100,922.000,7,125,4/5,14,78811,-66,9.5,37,1
NETLOG,run02,indoor_static,98,100,922.000,7,125,4/5,14,79357,-66,9.25,37,1
NETLOG,run02,indoor_static,99,100,922.000,7,125,4/5,14,79904,-66,10.0,37,1
NETLOG,run02,indoor_static,100,100,922.000,7,125,4/5,14,80450,-65,10.0,38,1
NETLOG,run02,indoor_static,101,100,922.000,7,125,4/5,14,81002,-66,9.25,38,1
NETLOG,run02,indoor_static,102,100,922.000,7,125,4/5,14,81555,-64,9.5,38,1
NETLOG,run02,indoor_static,103,100,922.000,7,125,4/5,14,82101,-63,9.75,38,1
NETLOG,run02,indoor_static,104,100,922.000,7,125,4/5,14,82652,-64,10.0,38,1
NETLOG,run02,indoor_static,105,100,922.000,7,125,4/5,14,83204,-63,9.5,38,1
NETLOG,run02,indoor_static,106,100,922.000,7,125,4/5,14,83750,-64,9.5,38,1
NETLOG,run02,indoor_static,107,100,922.000,7,125,4/5,14,84296,-63,10.0,38,1
NETLOG,run02,indoor_static,108,100,922.000,7,125,4/5,14,84847,-61,10.0,38,1
NETLOG,run02,indoor_static,109,100,922.000,7,125,4/5,14,85398,-60,9.5,38,1
NETLOG,run02,indoor_static,110,100,922.000,7,125,4/5,14,85945,-62,9.75,38,1
NETLOG,run02,indoor_static,111,100,922.000,7,125,4/5,14,86496,-69,9.5,38,1
NETLOG,run02,indoor_static,112,100,922.000,7,125,4/5,14,87042,-64,11.25,38,1
NETLOG,run02,indoor_static,113,100,922.000,7,125,4/5,14,87594,-64,9.75,38,1
NETLOG,run02,indoor_static,114,100,922.000,7,125,4/5,14,88146,-64,9.5,38,1
NETLOG,run02,indoor_static,115,100,922.000,7,125,4/5,14,88694,-66,9.5,38,1
NETLOG,run02,indoor_static,116,100,922.000,7,125,4/5,14,89240,-66,10.0,38,1
NETLOG,run02,indoor_static,117,100,922.000,7,125,4/5,14,89791,-66,9.5,38,1
NETLOG,run02,indoor_static,118,100,922.000,7,125,4/5,14,90337,-63,9.5,38,1
NETLOG,run02,indoor_static,119,100,922.000,7,125,4/5,14,90883,-63,10.0,38,1
NETLOG,run02,indoor_static,120,100,922.000,7,125,4/5,14,91434,-63,9.5,38,1
NETLOG,run02,indoor_static,121,100,922.000,7,125,4/5,14,91980,-63,10.25,38,1
NETLOG,run02,indoor_static,122,100,922.000,7,125,4/5,14,92531,-63,10.0,38,1
NETLOG,run02,indoor_static,123,100,922.000,7,125,4/5,14,93082,-66,9.5,38,1
NETLOG,run02,indoor_static,124,100,922.000,7,125,4/5,14,93628,-67,10.0,38,1
NETLOG,run02,indoor_static,125,100,922.000,7,125,4/5,14,94179,-67,9.5,38,1
NETLOG,run02,indoor_static,126,100,922.000,7,125,4/5,14,94726,-67,9.75,38,1
NETLOG,run02,indoor_static,127,100,922.000,7,125,4/5,14,95277,-67,9.25,38,1
NETLOG,run02,indoor_static,128,100,922.000,7,125,4/5,14,95827,-67,9.5,38,1
NETLOG,run02,indoor_static,129,100,922.000,7,125,4/5,14,96373,-67,9.0,38,1
NETLOG,run02,indoor_static,130,100,922.000,7,125,4/5,14,96919,-67,9.25,38,1
NETLOG,run02,indoor_static,131,100,922.000,7,125,4/5,14,97471,-66,9.75,38,1
NETLOG,run02,indoor_static,132,100,922.000,7,125,4/5,14,98022,-66,9.75,38,1
NETLOG,run02,indoor_static,133,100,922.000,7,125,4/5,14,98573,-67,9.75,38,1
NETLOG,run02,indoor_static,134,100,922.000,7,125,4/5,14,99125,-66,10.5,38,1
NETLOG,run02,indoor_static,135,100,922.000,7,125,4/5,14,99675,-66,10.0,38,1
NETLOG,run02,indoor_static,136,100,922.000,7,125,4/5,14,100227,-67,9.5,39,1
NETLOG,run02,indoor_static,137,100,922.000,7,125,4/5,14,100778,-66,9.5,39,1
NETLOG,run02,indoor_static,138,100,922.000,7,125,4/5,14,101330,-67,9.25,39,1
NETLOG,run02,indoor_static,139,100,922.000,7,125,4/5,14,101881,-67,9.5,39,1
NETLOG,run02,indoor_static,140,100,922.000,7,125,4/5,14,102433,-67,9.75,39,1
NETLOG,run02,indoor_static,141,100,922.000,7,125,4/5,14,102984,-66,9.75,39,1
NETLOG,run02,indoor_static,142,100,922.000,7,125,4/5,14,103537,-66,9.5,39,1
NETLOG,run02,indoor_static,143,100,922.000,7,125,4/5,14,104088,-67,9.5,39,1
NETLOG,run02,indoor_static,144,100,922.000,7,125,4/5,14,104639,-67,9.5,39,1
NETLOG,run02,indoor_static,145,100,922.000,7,125,4/5,14,105190,-67,9.25,39,1
NETLOG,run02,indoor_static,146,100,922.000,7,125,4/5,14,105742,-66,9.5,39,1
NETLOG,run02,indoor_static,147,100,922.000,7,125,4/5,14,106293,-67,9.5,39,1
NETLOG,run02,indoor_static,148,100,922.000,7,125,4/5,14,106844,-66,9.5,39,1
NETLOG,run02,indoor_static,149,100,922.000,7,125,4/5,14,107396,-66,9.5,39,1
NETLOG,run02,indoor_static,150,100,922.000,7,125,4/5,14,107947,-67,9.5,39,1
NETLOG,run02,indoor_static,151,100,922.000,7,125,4/5,14,108499,-65,9.25,39,1
NETLOG,run02,indoor_static,152,100,922.000,7,125,4/5,14,109050,-65,9.75,39,1
NETLOG,run02,indoor_static,153,100,922.000,7,125,4/5,14,109601,-65,9.0,39,1
NETLOG,run02,indoor_static,154,100,922.000,7,125,4/5,14,110154,-63,10.5,39,1
NETLOG,run02,indoor_static,155,100,922.000,7,125,4/5,14,110705,-63,9.75,39,1
NETLOG,run02,indoor_static,156,100,922.000,7,125,4/5,14,111259,-63,9.75,39,1
NETLOG,run02,indoor_static,157,100,922.000,7,125,4/5,14,111810,-63,9.5,39,1
NETLOG,run02,indoor_static,158,100,922.000,7,125,4/5,14,112361,-64,9.25,39,1
NETLOG,run02,indoor_static,159,100,922.000,7,125,4/5,14,112912,-63,9.75,39,1
NETLOG,run02,indoor_static,160,100,922.000,7,125,4/5,14,113464,-63,9.75,39,1
NETLOG,run02,indoor_static,161,100,922.000,7,125,4/5,14,114015,-63,9.5,39,1
NETLOG,run02,indoor_static,162,100,922.000,7,125,4/5,14,114567,-63,9.75,39,1
NETLOG,run02,indoor_static,163,100,922.000,7,125,4/5,14,115119,-64,9.25,39,1
NETLOG,run02,indoor_static,164,100,922.000,7,125,4/5,14,115670,-63,9.5,39,1
NETLOG,run02,indoor_static,165,100,922.000,7,125,4/5,14,116221,-66,9.5,39,1
NETLOG,run02,indoor_static,166,100,922.000,7,125,4/5,14,116773,-66,9.5,39,1
NETLOG,run02,indoor_static,167,100,922.000,7,125,4/5,14,117324,-66,9.25,39,1
NETLOG,run02,indoor_static,168,100,922.000,7,125,4/5,14,117875,-66,9.25,39,1
NETLOG,run02,indoor_static,169,100,922.000,7,125,4/5,14,118427,-66,9.25,39,1
NETLOG,run02,indoor_static,170,100,922.000,7,125,4/5,14,118979,-66,9.75,39,1
NETLOG,run02,indoor_static,171,100,922.000,7,125,4/5,14,119531,-64,9.5,39,1
NETLOG,run02,indoor_static,172,100,922.000,7,125,4/5,14,120082,-63,9.5,39,1
NETLOG,run02,indoor_static,173,100,922.000,7,125,4/5,14,120634,-63,9.75,39,1
NETLOG,run02,indoor_static,174,100,922.000,7,125,4/5,14,121184,-62,9.5,39,1
NETLOG,run02,indoor_static,175,100,922.000,7,125,4/5,14,121736,-63,9.5,39,1
NETLOG,run02,indoor_static,176,100,922.000,7,125,4/5,14,122287,-63,10.0,39,1
NETLOG,run02,indoor_static,177,100,922.000,7,125,4/5,14,122838,-63,9.5,39,1
NETLOG,run02,indoor_static,178,100,922.000,7,125,4/5,14,123390,-62,10.25,39,1
NETLOG,run02,indoor_static,179,100,922.000,7,125,4/5,14,123941,-63,9.75,39,1
NETLOG,run02,indoor_static,180,100,922.000,7,125,4/5,14,124493,-63,9.25,39,1
NETLOG,run02,indoor_static,181,100,922.000,7,125,4/5,14,125044,-63,9.75,39,1
NETLOG,run02,indoor_static,182,100,922.000,7,125,4/5,14,125595,-64,9.25,39,1
NETLOG,run02,indoor_static,183,100,922.000,7,125,4/5,14,126146,-67,9.75,39,1
NETLOG,run02,indoor_static,184,100,922.000,7,125,4/5,14,126699,-67,9.5,39,1
NETLOG,run02,indoor_static,185,100,922.000,7,125,4/5,14,127251,-67,9.75,39,1
NETLOG,run02,indoor_static,186,100,922.000,7,125,4/5,14,127802,-65,9.25,39,1
NETLOG,run02,indoor_static,187,100,922.000,7,125,4/5,14,128355,-66,9.0,39,1
NETLOG,run02,indoor_static,188,100,922.000,7,125,4/5,14,128906,-66,9.5,39,1
NETLOG,run02,indoor_static,189,100,922.000,7,125,4/5,14,129460,-66,9.75,39,1
NETLOG,run02,indoor_static,190,100,922.000,7,125,4/5,14,130011,-67,9.25,39,1
NETLOG,run02,indoor_static,191,100,922.000,7,125,4/5,14,130562,-66,9.25,39,1
NETLOG,run02,indoor_static,192,100,922.000,7,125,4/5,14,131113,-67,9.0,39,1
NETLOG,run02,indoor_static,193,100,922.000,7,125,4/5,14,131665,-67,9.75,39,1
NETLOG,run02,indoor_static,194,100,922.000,7,125,4/5,14,132216,-66,9.5,39,1
NETLOG,run02,indoor_static,195,100,922.000,7,125,4/5,14,132769,-67,9.5,39,1
NETLOG,run02,indoor_static,196,100,922.000,7,125,4/5,14,133319,-66,9.25,39,1
NETLOG,run02,indoor_static,197,100,922.000,7,125,4/5,14,133871,-66,9.5,39,1
NETLOG,run02,indoor_static,198,100,922.000,7,125,4/5,14,134422,-67,9.5,39,1
NETLOG,run02,indoor_static,199,100,922.000,7,125,4/5,14,134974,-67,9.75,39,1
NETLOG,run02,indoor_static,200,100,922.000,7,125,4/5,14,135525,-67,9.5,39,1
NETLOG,run02,indoor_static,201,100,922.000,7,125,4/5,14,136075,-67,9.0,39,1
NETLOG,run02,indoor_static,202,100,922.000,7,125,4/5,14,136627,-66,9.25,39,1
NETLOG,run02,indoor_static,203,100,922.000,7,125,4/5,14,137180,-67,9.5,39,1
NETLOG,run02,indoor_static,204,100,922.000,7,125,4/5,14,137731,-67,9.5,39,1
NETLOG,run02,indoor_static,205,100,922.000,7,125,4/5,14,138283,-66,9.5,39,1
NETLOG,run02,indoor_static,206,100,922.000,7,125,4/5,14,138834,-66,10.0,39,1
NETLOG,run02,indoor_static,207,100,922.000,7,125,4/5,14,139385,-66,9.75,39,1
NETLOG,run02,indoor_static,208,100,922.000,7,125,4/5,14,139937,-67,9.75,39,1
NETLOG,run02,indoor_static,209,100,922.000,7,125,4/5,14,140488,-66,9.5,39,1
NETLOG,run02,indoor_static,210,100,922.000,7,125,4/5,14,141039,-67,9.75,39,1
NETLOG,run02,indoor_static,211,100,922.000,7,125,4/5,14,141591,-66,9.5,39,1
NETLOG,run02,indoor_static,212,100,922.000,7,125,4/5,14,142142,-67,9.5,39,1
NETLOG,run02,indoor_static,213,100,922.000,7,125,4/5,14,142694,-67,9.0,39,1
NETLOG,run02,indoor_static,214,100,922.000,7,125,4/5,14,143245,-67,9.75,39,1
NETLOG,run02,indoor_static,215,100,922.000,7,125,4/5,14,143796,-66,9.5,39,1
NETLOG,run02,indoor_static,216,100,922.000,7,125,4/5,14,144348,-67,9.25,39,1
NETLOG,run02,indoor_static,217,100,922.000,7,125,4/5,14,144901,-63,9.75,39,1
NETLOG,run02,indoor_static,218,100,922.000,7,125,4/5,14,145452,-64,9.5,39,1
NETLOG,run02,indoor_static,219,100,922.000,7,125,4/5,14,146004,-63,9.5,39,1
NETLOG,run02,indoor_static,220,100,922.000,7,125,4/5,14,146556,-63,9.75,39,1
NETLOG,run02,indoor_static,221,100,922.000,7,125,4/5,14,147108,-64,9.5,39,1
NETLOG,run02,indoor_static,222,100,922.000,7,125,4/5,14,147659,-64,9.5,39,1
NETLOG,run02,indoor_static,223,100,922.000,7,125,4/5,14,148211,-63,9.75,39,1
NETLOG,run02,indoor_static,224,100,922.000,7,125,4/5,14,148762,-62,9.75,39,1
NETLOG,run02,indoor_static,225,100,922.000,7,125,4/5,14,149314,-63,9.5,39,1
NETLOG,run02,indoor_static,226,100,922.000,7,125,4/5,14,149865,-63,9.75,39,1
NETLOG,run02,indoor_static,227,100,922.000,7,125,4/5,14,150416,-63,10.0,39,1
NETLOG,run02,indoor_static,228,100,922.000,7,125,4/5,14,150969,-65,9.75,39,1
NETLOG,run02,indoor_static,229,100,922.000,7,125,4/5,14,151520,-67,9.25,39,1
NETLOG,run02,indoor_static,230,100,922.000,7,125,4/5,14,152072,-66,9.25,39,1
NETLOG,run02,indoor_static,231,100,922.000,7,125,4/5,14,152624,-67,9.5,39,1
NETLOG,run02,indoor_static,232,100,922.000,7,125,4/5,14,153176,-66,9.5,39,1
NETLOG,run02,indoor_static,233,100,922.000,7,125,4/5,14,153727,-67,9.75,39,1
NETLOG,run02,indoor_static,234,100,922.000,7,125,4/5,14,154279,-67,9.75,39,1
NETLOG,run02,indoor_static,235,100,922.000,7,125,4/5,14,154829,-66,9.5,39,1
NETLOG,run02,indoor_static,236,100,922.000,7,125,4/5,14,155380,-66,9.75,39,1
NETLOG,run02,indoor_static,237,100,922.000,7,125,4/5,14,155931,-67,9.25,39,1
NETLOG,run02,indoor_static,238,100,922.000,7,125,4/5,14,156483,-67,9.25,39,1
NETLOG,run02,indoor_static,239,100,922.000,7,125,4/5,14,157034,-67,9.5,39,1
NETLOG,run02,indoor_static,240,100,922.000,7,125,4/5,14,157586,-67,9.75,39,1
NETLOG,run02,indoor_static,241,100,922.000,7,125,4/5,14,158137,-65,9.0,39,1
NETLOG,run02,indoor_static,242,100,922.000,7,125,4/5,14,158688,-64,9.25,39,1
NETLOG,run02,indoor_static,243,100,922.000,7,125,4/5,14,159240,-64,9.5,39,1
NETLOG,run02,indoor_static,244,100,922.000,7,125,4/5,14,159790,-64,9.0,39,1
NETLOG,run02,indoor_static,245,100,922.000,7,125,4/5,14,160343,-63,9.25,39,1
NETLOG,run02,indoor_static,246,100,922.000,7,125,4/5,14,160894,-63,9.25,39,1
NETLOG,run02,indoor_static,247,100,922.000,7,125,4/5,14,161446,-63,9.75,39,1
NETLOG,run02,indoor_static,248,100,922.000,7,125,4/5,14,161997,-63,9.75,39,1
NETLOG,run02,indoor_static,249,100,922.000,7,125,4/5,14,162549,-64,9.25,39,1
NETLOG,run02,indoor_static,250,100,922.000,7,125,4/5,14,163100,-63,9.25,39,1
NETLOG,run02,indoor_static,251,100,922.000,7,125,4/5,14,163651,-63,12.25,39,1
NETLOG,run02,indoor_static,252,100,922.000,7,125,4/5,14,164203,-63,9.5,39,1
NETLOG,run02,indoor_static,253,100,922.000,7,125,4/5,14,164755,-61,9.75,39,1
NETLOG,run02,indoor_static,254,100,922.000,7,125,4/5,14,165306,-61,9.25,39,1
NETLOG,run02,indoor_static,255,100,922.000,7,125,4/5,14,165858,-60,10.0,39,1
NETLOG,run02,indoor_static,256,100,922.000,7,125,4/5,14,166409,-61,9.25,39,1
NETLOG,run02,indoor_static,257,100,922.000,7,125,4/5,14,166960,-63,9.5,39,1
NETLOG,run02,indoor_static,258,100,922.000,7,125,4/5,14,167511,-61,9.75,39,1
NETLOG,run02,indoor_static,259,100,922.000,7,125,4/5,14,168064,-63,9.75,39,1
NETLOG,run02,indoor_static,260,100,922.000,7,125,4/5,14,168615,-62,9.75,39,1
NETLOG,run02,indoor_static,261,100,922.000,7,125,4/5,14,169167,-63,9.5,39,1
NETLOG,run02,indoor_static,262,100,922.000,7,125,4/5,14,169719,-64,9.25,39,1
NETLOG,run02,indoor_static,263,100,922.000,7,125,4/5,14,170270,-63,9.75,39,1
NETLOG,run02,indoor_static,264,100,922.000,7,125,4/5,14,170821,-63,10.0,39,1
NETLOG,run02,indoor_static,265,100,922.000,7,125,4/5,14,171373,-62,10.0,39,1
NETLOG,run02,indoor_static,266,100,922.000,7,125,4/5,14,171924,-62,10.0,39,1
NETLOG,run02,indoor_static,267,100,922.000,7,125,4/5,14,172476,-63,9.5,39,1
NETLOG,run02,indoor_static,268,100,922.000,7,125,4/5,14,173028,-63,10.0,39,1
NETLOG,run02,indoor_static,269,100,922.000,7,125,4/5,14,173579,-62,9.5,39,1
NETLOG,run02,indoor_static,270,100,922.000,7,125,4/5,14,174130,-63,9.5,39,1
NETLOG,run02,indoor_static,271,100,922.000,7,125,4/5,14,174681,-63,9.25,39,1
NETLOG,run02,indoor_static,272,100,922.000,7,125,4/5,14,175232,-62,10.0,39,1
NETLOG,run02,indoor_static,273,100,922.000,7,125,4/5,14,175786,-63,9.75,39,1
NETLOG,run02,indoor_static,274,100,922.000,7,125,4/5,14,176337,-63,9.75,39,1
NETLOG,run02,indoor_static,275,100,922.000,7,125,4/5,14,176889,-63,9.25,39,1
NETLOG,run02,indoor_static,276,100,922.000,7,125,4/5,14,177439,-63,10.0,39,1
NETLOG,run02,indoor_static,277,100,922.000,7,125,4/5,14,177990,-63,9.75,39,1
NETLOG,run02,indoor_static,278,100,922.000,7,125,4/5,14,178541,-62,9.75,39,1
NETLOG,run02,indoor_static,279,100,922.000,7,125,4/5,14,179093,-62,9.75,39,1
NETLOG,run02,indoor_static,280,100,922.000,7,125,4/5,14,179644,-62,9.75,39,1
NETLOG,run02,indoor_static,281,100,922.000,7,125,4/5,14,180196,-63,9.75,39,1
NETLOG,run02,indoor_static,282,100,922.000,7,125,4/5,14,180746,-63,9.75,39,1
NETLOG,run02,indoor_static,283,100,922.000,7,125,4/5,14,181298,-63,9.25,39,1
NETLOG,run02,indoor_static,284,100,922.000,7,125,4/5,14,181849,-62,9.75,39,1
NETLOG,run02,indoor_static,285,100,922.000,7,125,4/5,14,182400,-62,9.5,39,1
NETLOG,run02,indoor_static,286,100,922.000,7,125,4/5,14,182952,-62,9.5,39,1
NETLOG,run02,indoor_static,287,100,922.000,7,125,4/5,14,183506,-62,9.5,39,1
NETLOG,run02,indoor_static,288,100,922.000,7,125,4/5,14,184057,-62,9.75,39,1
NETLOG,run02,indoor_static,289,100,922.000,7,125,4/5,14,184609,-62,9.5,39,1
NETLOG,run02,indoor_static,290,100,922.000,7,125,4/5,14,185160,-62,9.75,39,1
NETLOG,run02,indoor_static,291,100,922.000,7,125,4/5,14,185711,-62,9.5,39,1
NETLOG,run02,indoor_static,292,100,922.000,7,125,4/5,14,186261,-62,10.0,39,1
NETLOG,run02,indoor_static,293,100,922.000,7,125,4/5,14,186813,-62,9.75,39,1
NETLOG,run02,indoor_static,294,100,922.000,7,125,4/5,14,187366,-62,9.25,39,1
NETLOG,run02,indoor_static,295,100,922.000,7,125,4/5,14,187917,-62,9.75,39,1
NETLOG,run02,indoor_static,296,100,922.000,7,125,4/5,14,188468,-62,9.5,39,1
NETLOG,run02,indoor_static,297,100,922.000,7,125,4/5,14,189019,-62,9.5,39,1
NETLOG,run02,indoor_static,298,100,922.000,7,125,4/5,14,189571,-62,9.75,39,1
NETLOG,run02,indoor_static,299,100,922.000,7,125,4/5,14,190122,-61,10.75,39,1
NETLOG,run02,indoor_static,300,100,922.000,7,125,4/5,14,190673,-63,9.5,39,1
NETLOG,run02,indoor_static,301,100,922.000,7,125,4/5,14,191227,-67,9.5,39,1
NETLOG,run02,indoor_static,302,100,922.000,7,125,4/5,14,191779,-66,9.75,39,1
NETLOG,run02,indoor_static,303,100,922.000,7,125,4/5,14,192330,-65,9.0,39,1
NETLOG,run02,indoor_static,304,100,922.000,7,125,4/5,14,192881,-65,9.75,39,1
NETLOG,run02,indoor_static,305,100,922.000,7,125,4/5,14,193433,-64,9.5,39,1
NETLOG,run02,indoor_static,306,100,922.000,7,125,4/5,14,193985,-65,9.5,39,1
NETLOG,run02,indoor_static,307,100,922.000,7,125,4/5,14,194537,-64,9.25,39,1
NETLOG,run02,indoor_static,308,100,922.000,7,125,4/5,14,195088,-64,9.5,39,1
NETLOG,run02,indoor_static,309,100,922.000,7,125,4/5,14,195640,-64,9.25,39,1
NETLOG,run02,indoor_static,310,100,922.000,7,125,4/5,14,196191,-64,9.0,39,1
NETLOG,run02,indoor_static,311,100,922.000,7,125,4/5,14,196742,-64,9.25,39,1
NETLOG,run02,indoor_static,312,100,922.000,7,125,4/5,14,197294,-64,9.25,39,1
NETLOG,run02,indoor_static,313,100,922.000,7,125,4/5,14,197845,-64,9.75,39,1
NETLOG,run02,indoor_static,314,100,922.000,7,125,4/5,14,198397,-64,9.25,39,1
NETLOG,run02,indoor_static,315,100,922.000,7,125,4/5,14,198949,-64,9.25,39,1
NETLOG,run02,indoor_static,316,100,922.000,7,125,4/5,14,199500,-64,9.0,39,1
NETLOG,run02,indoor_static,317,100,922.000,7,125,4/5,14,200051,-64,9.25,39,1
NETLOG,run02,indoor_static,318,100,922.000,7,125,4/5,14,200602,-64,9.0,39,1
NETLOG,run02,indoor_static,319,100,922.000,7,125,4/5,14,201155,-64,9.0,39,1
NETLOG,run02,indoor_static,320,100,922.000,7,125,4/5,14,201707,-64,9.0,39,1
NETLOG,run02,indoor_static,321,100,922.000,7,125,4/5,14,202259,-64,9.0,39,1
NETLOG,run02,indoor_static,322,100,922.000,7,125,4/5,14,202810,-64,9.25,39,1
NETLOG,run02,indoor_static,323,100,922.000,7,125,4/5,14,203362,-65,9.25,39,1
NETLOG,run02,indoor_static,324,100,922.000,7,125,4/5,14,203913,-65,9.75,39,1
NETLOG,run02,indoor_static,325,100,922.000,7,125,4/5,14,204464,-65,9.25,39,1
NETLOG,run02,indoor_static,326,100,922.000,7,125,4/5,14,205016,-64,9.5,39,1
NETLOG,run02,indoor_static,327,100,922.000,7,125,4/5,14,205568,-64,9.5,39,1
NETLOG,run02,indoor_static,328,100,922.000,7,125,4/5,14,206120,-64,9.25,39,1
NETLOG,run02,indoor_static,329,100,922.000,7,125,4/5,14,206671,-65,9.5,39,1
NETLOG,run02,indoor_static,330,100,922.000,7,125,4/5,14,207223,-64,9.25,39,1
NETLOG,run02,indoor_static,331,100,922.000,7,125,4/5,14,207774,-64,9.25,39,1
NETLOG,run02,indoor_static,332,100,922.000,7,125,4/5,14,208326,-64,9.75,39,1
NETLOG,run02,indoor_static,333,100,922.000,7,125,4/5,14,208877,-64,9.25,39,1
NETLOG,run02,indoor_static,334,100,922.000,7,125,4/5,14,209430,-65,9.5,39,1
NETLOG,run02,indoor_static,335,100,922.000,7,125,4/5,14,209981,-64,9.5,39,1
NETLOG,run02,indoor_static,336,100,922.000,7,125,4/5,14,210533,-62,9.75,39,1
NETLOG,run02,indoor_static,337,100,922.000,7,125,4/5,14,211084,-64,9.25,39,1
NETLOG,run02,indoor_static,338,100,922.000,7,125,4/5,14,211635,-65,9.5,39,1
NETLOG,run02,indoor_static,339,100,922.000,7,125,4/5,14,212186,-65,9.5,39,1
NETLOG,run02,indoor_static,340,100,922.000,7,125,4/5,14,212738,-65,9.75,39,1
NETLOG,run02,indoor_static,341,100,922.000,7,125,4/5,14,213289,-65,9.25,39,1
NETLOG,run02,indoor_static,342,100,922.000,7,125,4/5,14,213840,-66,9.5,39,1
NETLOG,run02,indoor_static,343,100,922.000,7,125,4/5,14,214390,-66,9.5,39,1
NETLOG,run02,indoor_static,344,100,922.000,7,125,4/5,14,214942,-66,9.25,39,1
NETLOG,run02,indoor_static,345,100,922.000,7,125,4/5,14,215493,-65,9.75,39,1
NETLOG,run02,indoor_static,346,100,922.000,7,125,4/5,14,216045,-65,9.5,39,1
NETLOG,run02,indoor_static,347,100,922.000,7,125,4/5,14,216596,-65,9.25,39,1
NETLOG,run02,indoor_static,348,100,922.000,7,125,4/5,14,217150,-65,9.75,39,1
NETLOG,run02,indoor_static,349,100,922.000,7,125,4/5,14,217701,-66,9.5,39,1
NETLOG,run02,indoor_static,350,100,922.000,7,125,4/5,14,218252,-64,9.25,39,1
NETLOG,run02,indoor_static,351,100,922.000,7,125,4/5,14,218803,-65,9.5,39,1
NETLOG,run02,indoor_static,352,100,922.000,7,125,4/5,14,219356,-64,9.5,39,1
NETLOG,run02,indoor_static,353,100,922.000,7,125,4/5,14,219908,-65,9.5,39,1
NETLOG,run02,indoor_static,354,100,922.000,7,125,4/5,14,220459,-65,9.5,39,1
NETLOG,run02,indoor_static,355,100,922.000,7,125,4/5,14,221010,-66,9.5,39,1
NETLOG,run02,indoor_static,356,100,922.000,7,125,4/5,14,221562,-65,9.25,39,1
NETLOG,run02,indoor_static,357,100,922.000,7,125,4/5,14,222115,-65,9.75,39,1
NETLOG,run02,indoor_static,358,100,922.000,7,125,4/5,14,222667,-65,9.75,39,1
NETLOG,run02,indoor_static,359,100,922.000,7,125,4/5,14,223219,-65,9.5,39,1
NETLOG,run02,indoor_static,360,100,922.000,7,125,4/5,14,223770,-66,9.5,39,1
NETLOG,run02,indoor_static,361,100,922.000,7,125,4/5,14,224321,-65,9.25,39,1
NETLOG,run02,indoor_static,362,100,922.000,7,125,4/5,14,224873,-65,10.0,39,1
NETLOG,run02,indoor_static,363,100,922.000,7,125,4/5,14,225424,-66,9.25,39,1
NETLOG,run02,indoor_static,364,100,922.000,7,125,4/5,14,225975,-65,9.5,39,1
NETLOG,run02,indoor_static,365,100,922.000,7,125,4/5,14,226527,-66,9.25,39,1
NETLOG,run02,indoor_static,366,100,922.000,7,125,4/5,14,227080,-65,9.0,39,1
NETLOG,run02,indoor_static,367,100,922.000,7,125,4/5,14,227631,-66,9.5,39,1
NETLOG,run02,indoor_static,368,100,922.000,7,125,4/5,14,228183,-64,9.5,39,1
NETLOG,run02,indoor_static,369,100,922.000,7,125,4/5,14,228734,-64,9.25,39,1
NETLOG,run02,indoor_static,370,100,922.000,7,125,4/5,14,229285,-64,9.5,39,1
NETLOG,run02,indoor_static,371,100,922.000,7,125,4/5,14,229836,-65,9.0,39,1
NETLOG,run02,indoor_static,372,100,922.000,7,125,4/5,14,230388,-65,9.5,39,1
NETLOG,run02,indoor_static,373,100,922.000,7,125,4/5,14,230939,-65,10.0,39,1
NETLOG,run02,indoor_static,374,100,922.000,7,125,4/5,14,231490,-65,9.5,39,1
NETLOG,run02,indoor_static,375,100,922.000,7,125,4/5,14,232043,-65,9.5,39,1
NETLOG,run02,indoor_static,376,100,922.000,7,125,4/5,14,232594,-65,9.75,39,1
NETLOG,run02,indoor_static,377,100,922.000,7,125,4/5,14,233147,-65,9.0,39,1
NETLOG,run02,indoor_static,378,100,922.000,7,125,4/5,14,233698,-65,9.5,39,1
NETLOG,run02,indoor_static,379,100,922.000,7,125,4/5,14,234249,-64,9.25,39,1
NETLOG,run02,indoor_static,380,100,922.000,7,125,4/5,14,234801,-63,9.5,39,1
NETLOG,run02,indoor_static,381,100,922.000,7,125,4/5,14,235352,-64,9.25,39,1
NETLOG,run02,indoor_static,382,100,922.000,7,125,4/5,14,235904,-64,9.0,39,1
NETLOG,run02,indoor_static,383,100,922.000,7,125,4/5,14,236455,-64,9.25,39,1
NETLOG,run02,indoor_static,384,100,922.000,7,125,4/5,14,237007,-64,9.75,39,1
NETLOG,run02,indoor_static,385,100,922.000,7,125,4/5,14,237560,-64,9.75,39,1
NETLOG,run02,indoor_static,386,100,922.000,7,125,4/5,14,238112,-63,9.75,39,1
NETLOG,run02,indoor_static,387,100,922.000,7,125,4/5,14,238663,-62,9.5,39,1
NETLOG,run02,indoor_static,388,100,922.000,7,125,4/5,14,239214,-63,9.25,39,1
NETLOG,run02,indoor_static,389,100,922.000,7,125,4/5,14,239765,-63,9.75,39,1
NETLOG,run02,indoor_static,390,100,922.000,7,125,4/5,14,240316,-63,9.75,39,1
NETLOG,run02,indoor_static,391,100,922.000,7,125,4/5,14,240867,-63,9.5,39,1
NETLOG,run02,indoor_static,392,100,922.000,7,125,4/5,14,241419,-63,10.0,39,1
NETLOG,run02,indoor_static,393,100,922.000,7,125,4/5,14,241972,-63,10.25,39,1
NETLOG,run02,indoor_static,394,100,922.000,7,125,4/5,14,242523,-63,9.5,39,1
NETLOG,run02,indoor_static,395,100,922.000,7,125,4/5,14,243075,-63,9.5,39,1
NETLOG,run02,indoor_static,396,100,922.000,7,125,4/5,14,243626,-63,9.5,39,1
NETLOG,run02,indoor_static,397,100,922.000,7,125,4/5,14,244177,-63,9.75,39,1
NETLOG,run02,indoor_static,398,100,922.000,7,125,4/5,14,244728,-64,9.5,39,1
NETLOG,run02,indoor_static,399,100,922.000,7,125,4/5,14,245280,-63,10.0,39,1
NETLOG,run02,indoor_static,400,100,922.000,7,125,4/5,14,245830,-63,9.5,39,1
NETLOG,run02,indoor_static,401,100,922.000,7,125,4/5,14,246381,-63,9.5,39,1
NETLOG,run02,indoor_static,402,100,922.000,7,125,4/5,14,246934,-63,10.0,39,1
NETLOG,run02,indoor_static,403,100,922.000,7,125,4/5,14,247485,-63,9.25,39,1
NETLOG,run02,indoor_static,404,100,922.000,7,125,4/5,14,248036,-63,10.25,39,1
NETLOG,run02,indoor_static,405,100,922.000,7,125,4/5,14,248588,-63,9.25,39,1
NETLOG,run02,indoor_static,406,100,922.000,7,125,4/5,14,249139,-63,9.5,39,1
NETLOG,run02,indoor_static,407,100,922.000,7,125,4/5,14,249691,-63,9.75,39,1
NETLOG,run02,indoor_static,408,100,922.000,7,125,4/5,14,250242,-63,9.75,39,1
NETLOG,run02,indoor_static,409,100,922.000,7,125,4/5,14,250793,-64,9.5,39,1
NETLOG,run02,indoor_static,410,100,922.000,7,125,4/5,14,251346,-63,9.5,39,1
NETLOG,run02,indoor_static,411,100,922.000,7,125,4/5,14,251899,-63,9.5,39,1
NETLOG,run02,indoor_static,412,100,922.000,7,125,4/5,14,252450,-64,9.25,39,1
NETLOG,run02,indoor_static,413,100,922.000,7,125,4/5,14,253001,-63,10.0,39,1
NETLOG,run02,indoor_static,414,100,922.000,7,125,4/5,14,253553,-64,9.25,39,1
NETLOG,run02,indoor_static,415,100,922.000,7,125,4/5,14,254104,-63,9.5,39,1
NETLOG,run02,indoor_static,416,100,922.000,7,125,4/5,14,254656,-63,9.75,39,1
NETLOG,run02,indoor_static,417,100,922.000,7,125,4/5,14,255208,-63,9.5,39,1
NETLOG,run02,indoor_static,418,100,922.000,7,125,4/5,14,255760,-64,9.75,39,1
NETLOG,run02,indoor_static,419,100,922.000,7,125,4/5,14,256311,-64,9.5,39,1
NETLOG,run02,indoor_static,420,100,922.000,7,125,4/5,14,256863,-63,9.75,39,1
NETLOG,run02,indoor_static,421,100,922.000,7,125,4/5,14,257415,-63,9.25,39,1
NETLOG,run02,indoor_static,422,100,922.000,7,125,4/5,14,257966,-65,9.25,39,1
NETLOG,run02,indoor_static,423,100,922.000,7,125,4/5,14,258517,-66,9.25,39,1
NETLOG,run02,indoor_static,424,100,922.000,7,125,4/5,14,259069,-66,9.75,39,1
NETLOG,run02,indoor_static,425,100,922.000,7,125,4/5,14,259620,-67,9.5,39,1
NETLOG,run02,indoor_static,426,100,922.000,7,125,4/5,14,260171,-66,9.75,39,1
NETLOG,run02,indoor_static,427,100,922.000,7,125,4/5,14,260723,-64,9.25,39,1
NETLOG,run02,indoor_static,428,100,922.000,7,125,4/5,14,261274,-65,9.25,39,1
NETLOG,run02,indoor_static,429,100,922.000,7,125,4/5,14,261826,-64,9.25,39,1
NETLOG,run02,indoor_static,430,100,922.000,7,125,4/5,14,262378,-64,9.0,39,1
NETLOG,run02,indoor_static,431,100,922.000,7,125,4/5,14,262929,-64,9.75,39,1
NETLOG,run02,indoor_static,432,100,922.000,7,125,4/5,14,263480,-64,9.5,39,1
NETLOG,run02,indoor_static,433,100,922.000,7,125,4/5,14,264032,-64,9.5,39,1
NETLOG,run02,indoor_static,434,100,922.000,7,125,4/5,14,264583,-64,9.25,39,1
NETLOG,run02,indoor_static,435,100,922.000,7,125,4/5,14,265134,-64,9.25,39,1
NETLOG,run02,indoor_static,436,100,922.000,7,125,4/5,14,265686,-65,9.25,39,1
NETLOG,run02,indoor_static,437,100,922.000,7,125,4/5,14,266237,-64,9.25,39,1
NETLOG,run02,indoor_static,438,100,922.000,7,125,4/5,14,266789,-63,9.75,39,1
NETLOG,run02,indoor_static,439,100,922.000,7,125,4/5,14,267341,-63,9.75,39,1
NETLOG,run02,indoor_static,440,100,922.000,7,125,4/5,14,267892,-67,9.25,39,1
NETLOG,run02,indoor_static,441,100,922.000,7,125,4/5,14,268443,-65,9.75,39,1
NETLOG,run02,indoor_static,442,100,922.000,7,125,4/5,14,268995,-64,9.0,39,1
NETLOG,run02,indoor_static,443,100,922.000,7,125,4/5,14,269547,-64,9.25,39,1
NETLOG,run02,indoor_static,444,100,922.000,7,125,4/5,14,270099,-65,9.75,39,1
NETLOG,run02,indoor_static,445,100,922.000,7,125,4/5,14,270650,-64,9.25,39,1
NETLOG,run02,indoor_static,446,100,922.000,7,125,4/5,14,271202,-64,9.25,39,1
NETLOG,run02,indoor_static,447,100,922.000,7,125,4/5,14,271753,-63,9.25,39,1
NETLOG,run02,indoor_static,448,100,922.000,7,125,4/5,14,272304,-64,9.5,39,1
NETLOG,run02,indoor_static,449,100,922.000,7,125,4/5,14,272855,-63,9.25,39,1
NETLOG,run02,indoor_static,450,100,922.000,7,125,4/5,14,273406,-64,9.25,39,1
NETLOG,run02,indoor_static,451,100,922.000,7,125,4/5,14,273958,-66,10.0,39,1
NETLOG,run02,indoor_static,452,100,922.000,7,125,4/5,14,274509,-68,9.5,39,1
NETLOG,run02,indoor_static,453,100,922.000,7,125,4/5,14,275061,-67,9.25,39,1
NETLOG,run02,indoor_static,454,100,922.000,7,125,4/5,14,275612,-66,9.0,39,1
NETLOG,run02,indoor_static,455,100,922.000,7,125,4/5,14,276164,-67,9.25,39,1
NETLOG,run02,indoor_static,456,100,922.000,7,125,4/5,14,276717,-67,9.25,39,1
NETLOG,run02,indoor_static,457,100,922.000,7,125,4/5,14,277268,-67,9.5,39,1
NETLOG,run02,indoor_static,458,100,922.000,7,125,4/5,14,277818,-67,9.75,39,1
NETLOG,run02,indoor_static,459,100,922.000,7,125,4/5,14,278370,-67,9.5,39,1
NETLOG,run02,indoor_static,460,100,922.000,7,125,4/5,14,278921,-66,9.75,39,1
NETLOG,run02,indoor_static,461,100,922.000,7,125,4/5,14,279473,-66,9.5,39,1
NETLOG,run02,indoor_static,462,100,922.000,7,125,4/5,14,280024,-67,9.25,39,1
NETLOG,run02,indoor_static,463,100,922.000,7,125,4/5,14,280575,-65,9.25,39,1
NETLOG,run02,indoor_static,464,100,922.000,7,125,4/5,14,281127,-65,9.25,39,1
NETLOG,run02,indoor_static,465,100,922.000,7,125,4/5,14,281680,-64,9.0,39,1
NETLOG,run02,indoor_static,466,100,922.000,7,125,4/5,14,282231,-64,9.25,39,1
NETLOG,run02,indoor_static,467,100,922.000,7,125,4/5,14,282783,-64,9.25,39,1
NETLOG,run02,indoor_static,468,100,922.000,7,125,4/5,14,283334,-64,9.5,39,1
NETLOG,run02,indoor_static,469,100,922.000,7,125,4/5,14,283885,-64,9.75,39,1
NETLOG,run02,indoor_static,470,100,922.000,7,125,4/5,14,284436,-66,9.75,39,1
NETLOG,run02,indoor_static,471,100,922.000,7,125,4/5,14,284988,-65,9.5,39,1
NETLOG,run02,indoor_static,472,100,922.000,7,125,4/5,14,285539,-65,9.5,39,1
NETLOG,run02,indoor_static,473,100,922.000,7,125,4/5,14,286091,-65,9.5,39,1
NETLOG,run02,indoor_static,474,100,922.000,7,125,4/5,14,286643,-67,9.5,39,1
NETLOG,run02,indoor_static,475,100,922.000,7,125,4/5,14,287194,-67,9.5,39,1
NETLOG,run02,indoor_static,476,100,922.000,7,125,4/5,14,287747,-70,9.5,39,1
NETLOG,run02,indoor_static,477,100,922.000,7,125,4/5,14,288299,-69,9.25,39,1
NETLOG,run02,indoor_static,478,100,922.000,7,125,4/5,14,288849,-67,9.5,39,1
NETLOG,run02,indoor_static,479,100,922.000,7,125,4/5,14,289401,-65,9.25,39,1
NETLOG,run02,indoor_static,480,100,922.000,7,125,4/5,14,289952,-65,9.75,39,1
NETLOG,run02,indoor_static,481,100,922.000,7,125,4/5,14,290504,-65,9.0,39,1
NETLOG,run02,indoor_static,482,100,922.000,7,125,4/5,14,291055,-65,9.0,39,1
NETLOG,run02,indoor_static,483,100,922.000,7,125,4/5,14,291606,-64,9.5,39,1
NETLOG,run02,indoor_static,484,100,922.000,7,125,4/5,14,292159,-65,9.5,39,1
NETLOG,run02,indoor_static,485,100,922.000,7,125,4/5,14,292710,-64,9.25,39,1
NETLOG,run02,indoor_static,486,100,922.000,7,125,4/5,14,293261,-65,9.75,39,1
NETLOG,run02,indoor_static,487,100,922.000,7,125,4/5,14,293813,-65,9.5,39,1
NETLOG,run02,indoor_static,488,100,922.000,7,125,4/5,14,294364,-65,10.0,39,1
NETLOG,run02,indoor_static,489,100,922.000,7,125,4/5,14,294916,-65,9.25,39,1
NETLOG,run02,indoor_static,490,100,922.000,7,125,4/5,14,295467,-65,9.5,39,1
NETLOG,run02,indoor_static,491,100,922.000,7,125,4/5,14,296020,-65,9.75,39,1
NETLOG,run02,indoor_static,492,100,922.000,7,125,4/5,14,296570,-65,9.75,39,1
NETLOG,run02,indoor_static,493,100,922.000,7,125,4/5,14,297122,-66,9.75,39,1
NETLOG,run02,indoor_static,494,100,922.000,7,125,4/5,14,297673,-63,9.75,39,1
NETLOG,run02,indoor_static,495,100,922.000,7,125,4/5,14,298225,-63,9.25,39,1
NETLOG,run02,indoor_static,496,100,922.000,7,125,4/5,14,298775,-65,9.75,39,1
NETLOG,run02,indoor_static,497,100,922.000,7,125,4/5,14,299327,-64,9.0,39,1
NETLOG,run02,indoor_static,498,100,922.000,7,125,4/5,14,299878,-64,8.75,39,1
NETLOG,run02,indoor_static,499,100,922.000,7,125,4/5,14,300429,-64,9.0,39,1
NETLOG,run02,indoor_static,500,100,922.000,7,125,4/5,14,300980,-64,9.0,39,1
NETLOG,run02,indoor_static,501,100,922.000,7,125,4/5,14,301532,-64,9.25,39,1
NETLOG,run02,indoor_static,502,100,922.000,7,125,4/5,14,302084,-63,9.75,39,1
NETLOG,run02,indoor_static,503,100,922.000,7,125,4/5,14,302635,-64,9.25,39,1
NETLOG,run02,indoor_static,504,100,922.000,7,125,4/5,14,303186,-63,9.5,39,1
NETLOG,run02,indoor_static,505,100,922.000,7,125,4/5,14,303738,-63,9.75,39,1
NETLOG,run02,indoor_static,506,100,922.000,7,125,4/5,14,304289,-62,9.5,39,1
NETLOG,run02,indoor_static,507,100,922.000,7,125,4/5,14,304840,-62,9.75,39,1
NETLOG,run02,indoor_static,508,100,922.000,7,125,4/5,14,305391,-61,9.25,39,1
NETLOG,run02,indoor_static,509,100,922.000,7,125,4/5,14,305944,-61,10.0,39,1
NETLOG,run02,indoor_static,510,100,922.000,7,125,4/5,14,306495,-61,9.5,39,1
NETLOG,run02,indoor_static,511,100,922.000,7,125,4/5,14,307047,-62,9.5,39,1
NETLOG,run02,indoor_static,512,100,922.000,7,125,4/5,14,307598,-61,9.75,39,1
NETLOG,run02,indoor_static,513,100,922.000,7,125,4/5,14,308149,-61,9.5,39,1
NETLOG,run02,indoor_static,514,100,922.000,7,125,4/5,14,308701,-61,9.5,39,1
NETLOG,run02,indoor_static,515,100,922.000,7,125,4/5,14,309252,-61,10.0,39,1
NETLOG,run02,indoor_static,516,100,922.000,7,125,4/5,14,309804,-62,9.75,39,1
NETLOG,run02,indoor_static,517,100,922.000,7,125,4/5,14,310356,-61,9.75,39,1
NETLOG,run02,indoor_static,518,100,922.000,7,125,4/5,14,310908,-61,9.5,39,1
NETLOG,run02,indoor_static,519,100,922.000,7,125,4/5,14,311459,-62,9.25,39,1
NETLOG,run02,indoor_static,520,100,922.000,7,125,4/5,14,312011,-61,9.75,39,1
NETLOG,run02,indoor_static,521,100,922.000,7,125,4/5,14,312562,-62,9.5,39,1
NETLOG,run02,indoor_static,522,100,922.000,7,125,4/5,14,313113,-61,9.75,39,1
NETLOG,run02,indoor_static,523,100,922.000,7,125,4/5,14,313665,-62,9.25,39,1
NETLOG,run02,indoor_static,524,100,922.000,7,125,4/5,14,314217,-61,9.75,39,1
NETLOG,run02,indoor_static,525,100,922.000,7,125,4/5,14,314769,-62,9.75,39,1
NETLOG,run02,indoor_static,526,100,922.000,7,125,4/5,14,315320,-62,9.5,39,1
NETLOG,run02,indoor_static,527,100,922.000,7,125,4/5,14,315871,-62,9.75,39,1
NETLOG,run02,indoor_static,528,100,922.000,7,125,4/5,14,316423,-62,9.5,39,1
NETLOG,run02,indoor_static,529,100,922.000,7,125,4/5,14,316974,-62,9.5,39,1
NETLOG,run02,indoor_static,530,100,922.000,7,125,4/5,14,317525,-61,9.75,39,1
NETLOG,run02,indoor_static,531,100,922.000,7,125,4/5,14,318076,-62,9.75,39,1
NETLOG,run02,indoor_static,532,100,922.000,7,125,4/5,14,318627,-61,9.25,39,1
NETLOG,run02,indoor_static,533,100,922.000,7,125,4/5,14,319178,-62,9.25,39,1
NETLOG,run02,indoor_static,534,100,922.000,7,125,4/5,14,319730,-61,9.5,39,1
NETLOG,run02,indoor_static,535,100,922.000,7,125,4/5,14,320281,-61,9.5,39,1
NETLOG,run02,indoor_static,536,100,922.000,7,125,4/5,14,320833,-62,9.5,39,1
NETLOG,run02,indoor_static,537,100,922.000,7,125,4/5,14,321384,-61,9.5,39,1
NETLOG,run02,indoor_static,538,100,922.000,7,125,4/5,14,321936,-61,10.0,39,1
NETLOG,run02,indoor_static,539,100,922.000,7,125,4/5,14,322487,-61,9.5,39,1
NETLOG,run02,indoor_static,540,100,922.000,7,125,4/5,14,323038,-61,9.25,39,1
NETLOG,run02,indoor_static,541,100,922.000,7,125,4/5,14,323589,-61,9.75,39,1
NETLOG,run02,indoor_static,542,100,922.000,7,125,4/5,14,324142,-61,9.5,39,1
NETLOG,run02,indoor_static,543,100,922.000,7,125,4/5,14,324693,-61,9.75,39,1
NETLOG,run02,indoor_static,544,100,922.000,7,125,4/5,14,325244,-61,9.5,39,1
NETLOG,run02,indoor_static,545,100,922.000,7,125,4/5,14,325796,-62,9.25,39,1
NETLOG,run02,indoor_static,546,100,922.000,7,125,4/5,14,326347,-62,9.5,39,1
NETLOG,run02,indoor_static,547,100,922.000,7,125,4/5,14,326899,-62,9.25,39,1
NETLOG,run02,indoor_static,548,100,922.000,7,125,4/5,14,327449,-62,9.5,39,1
NETLOG,run02,indoor_static,549,100,922.000,7,125,4/5,14,328001,-62,9.75,39,1
NETLOG,run02,indoor_static,550,100,922.000,7,125,4/5,14,328553,-61,9.5,39,1
NETLOG,run02,indoor_static,551,100,922.000,7,125,4/5,14,329105,-61,9.5,39,1
NETLOG,run02,indoor_static,552,100,922.000,7,125,4/5,14,329656,-61,9.5,39,1
NETLOG,run02,indoor_static,553,100,922.000,7,125,4/5,14,330208,-61,9.5,39,1
NETLOG,run02,indoor_static,554,100,922.000,7,125,4/5,14,330759,-61,9.75,39,1
NETLOG,run02,indoor_static,555,100,922.000,7,125,4/5,14,331310,-62,9.5,39,1
NETLOG,run02,indoor_static,556,100,922.000,7,125,4/5,14,331862,-62,9.25,39,1
NETLOG,run02,indoor_static,557,100,922.000,7,125,4/5,14,332414,-62,9.75,39,1
NETLOG,run02,indoor_static,558,100,922.000,7,125,4/5,14,332965,-61,10.0,39,1
NETLOG,run02,indoor_static,559,100,922.000,7,125,4/5,14,333516,-62,9.75,39,1
NETLOG,run02,indoor_static,560,100,922.000,7,125,4/5,14,334067,-61,9.5,39,1
NETLOG,run02,indoor_static,561,100,922.000,7,125,4/5,14,334619,-62,9.5,39,1
NETLOG,run02,indoor_static,562,100,922.000,7,125,4/5,14,335170,-62,9.25,39,1
NETLOG,run02,indoor_static,563,100,922.000,7,125,4/5,14,335721,-61,9.5,39,1
NETLOG,run02,indoor_static,564,100,922.000,7,125,4/5,14,336272,-61,9.5,39,1
NETLOG,run02,indoor_static,565,100,922.000,7,125,4/5,14,336823,-62,9.25,39,1
NETLOG,run02,indoor_static,566,100,922.000,7,125,4/5,14,337375,-62,9.25,39,1
NETLOG,run02,indoor_static,567,100,922.000,7,125,4/5,14,337926,-61,9.5,39,1
NETLOG,run02,indoor_static,568,100,922.000,7,125,4/5,14,338477,-61,9.5,39,1
NETLOG,run02,indoor_static,569,100,922.000,7,125,4/5,14,339028,-62,9.5,39,1
NETLOG,run02,indoor_static,570,100,922.000,7,125,4/5,14,339580,-61,9.25,39,1
NETLOG,run02,indoor_static,571,100,922.000,7,125,4/5,14,340131,-61,9.75,39,1
NETLOG,run02,indoor_static,572,100,922.000,7,125,4/5,14,340682,-61,9.75,39,1
NETLOG,run02,indoor_static,573,100,922.000,7,125,4/5,14,341235,-61,9.25,39,1
NETLOG,run02,indoor_static,574,100,922.000,7,125,4/5,14,341786,-62,9.5,39,1
NETLOG,run02,indoor_static,575,100,922.000,7,125,4/5,14,342338,-61,10.0,39,1
NETLOG,run02,indoor_static,576,100,922.000,7,125,4/5,14,342889,-61,9.25,39,1
NETLOG,run02,indoor_static,577,100,922.000,7,125,4/5,14,343440,-62,9.5,39,1
NETLOG,run02,indoor_static,578,100,922.000,7,125,4/5,14,343991,-61,9.25,39,1
NETLOG,run02,indoor_static,579,100,922.000,7,125,4/5,14,344543,-61,9.5,39,1
NETLOG,run02,indoor_static,580,100,922.000,7,125,4/5,14,345094,-61,9.75,39,1
NETLOG,run02,indoor_static,581,100,922.000,7,125,4/5,14,345644,-62,9.5,39,1
NETLOG,run02,indoor_static,582,100,922.000,7,125,4/5,14,346197,-61,9.75,39,1
NETLOG,run02,indoor_static,583,100,922.000,7,125,4/5,14,346750,-61,9.5,39,1
NETLOG,run02,indoor_static,584,100,922.000,7,125,4/5,14,347301,-62,9.5,39,1
NETLOG,run02,indoor_static,585,100,922.000,7,125,4/5,14,347852,-61,9.75,39,1
NETLOG,run02,indoor_static,586,100,922.000,7,125,4/5,14,348403,-62,9.25,39,1
NETLOG,run02,indoor_static,587,100,922.000,7,125,4/5,14,348955,-61,9.75,39,1
NETLOG,run02,indoor_static,588,100,922.000,7,125,4/5,14,349506,-61,9.75,39,1
NETLOG,run02,indoor_static,589,100,922.000,7,125,4/5,14,350058,-62,12.5,39,1
NETLOG,run02,indoor_static,590,100,922.000,7,125,4/5,14,350608,-61,9.5,39,1
NETLOG,run02,indoor_static,591,100,922.000,7,125,4/5,14,351162,-61,9.75,39,1
NETLOG,run02,indoor_static,592,100,922.000,7,125,4/5,14,351714,-61,9.75,39,1
NETLOG,run02,indoor_static,593,100,922.000,7,125,4/5,14,352265,-62,9.25,39,1
NETLOG,run02,indoor_static,594,100,922.000,7,125,4/5,14,352816,-61,9.75,39,1
NETLOG,run02,indoor_static,595,100,922.000,7,125,4/5,14,353368,-61,10.0,39,1
NETLOG,run02,indoor_static,596,100,922.000,7,125,4/5,14,353919,-62,9.5,39,1
NETLOG,run02,indoor_static,597,100,922.000,7,125,4/5,14,354469,-62,9.25,39,1
NETLOG,run02,indoor_static,598,100,922.000,7,125,4/5,14,355022,-61,9.5,39,1
NETLOG,run02,indoor_static,599,100,922.000,7,125,4/5,14,355573,-61,9.5,39,1
NETLOG,run02,indoor_static,600,100,922.000,7,125,4/5,14,356126,-61,10.0,39,1
NETLOG,run02,indoor_static,601,100,922.000,7,125,4/5,14,356677,-61,9.75,39,1
NETLOG,run02,indoor_static,602,100,922.000,7,125,4/5,14,357229,-62,9.75,39,1
NETLOG,run02,indoor_static,603,100,922.000,7,125,4/5,14,357780,-61,10.0,39,1
NETLOG,run02,indoor_static,604,100,922.000,7,125,4/5,14,358331,-61,9.25,39,1
NETLOG,run02,indoor_static,605,100,922.000,7,125,4/5,14,358882,-61,9.5,39,1
NETLOG,run02,indoor_static,606,100,922.000,7,125,4/5,14,359433,-62,9.5,39,1
NETLOG,run02,indoor_static,607,100,922.000,7,125,4/5,14,359984,-62,9.5,39,1
NETLOG,run02,indoor_static,608,100,922.000,7,125,4/5,14,360536,-61,9.75,39,1
NETLOG,run02,indoor_static,609,100,922.000,7,125,4/5,14,361089,-61,9.75,39,1
NETLOG,run02,indoor_static,610,100,922.000,7,125,4/5,14,361641,-62,9.25,39,1
NETLOG,run02,indoor_static,611,100,922.000,7,125,4/5,14,362192,-61,9.75,39,1
NETLOG,run02,indoor_static,612,100,922.000,7,125,4/5,14,362743,-61,9.75,39,1
NETLOG,run02,indoor_static,613,100,922.000,7,125,4/5,14,363293,-61,9.25,39,1
NETLOG,run02,indoor_static,614,100,922.000,7,125,4/5,14,363844,-62,9.25,39,1
NETLOG,run02,indoor_static,615,100,922.000,7,125,4/5,14,364395,-62,9.5,39,1
NETLOG,run02,indoor_static,616,100,922.000,7,125,4/5,14,364948,-62,10.25,39,1
NETLOG,run02,indoor_static,617,100,922.000,7,125,4/5,14,365500,-61,9.5,39,1
NETLOG,run02,indoor_static,618,100,922.000,7,125,4/5,14,366052,-61,9.25,39,1
NETLOG,run02,indoor_static,619,100,922.000,7,125,4/5,14,366603,-61,9.25,39,1
NETLOG,run02,indoor_static,620,100,922.000,7,125,4/5,14,367155,-61,9.0,39,1
NETLOG,run02,indoor_static,621,100,922.000,7,125,4/5,14,367706,-62,9.5,39,1
NETLOG,run02,indoor_static,622,100,922.000,7,125,4/5,14,368257,-61,9.5,39,1
NETLOG,run02,indoor_static,623,100,922.000,7,125,4/5,14,368808,-61,9.75,39,1
NETLOG,run02,indoor_static,624,100,922.000,7,125,4/5,14,369361,-61,9.25,39,1
NETLOG,run02,indoor_static,625,100,922.000,7,125,4/5,14,369912,-61,10.0,39,1
NETLOG,run02,indoor_static,626,100,922.000,7,125,4/5,14,370464,-61,9.0,39,1
NETLOG,run02,indoor_static,627,100,922.000,7,125,4/5,14,371015,-62,10.0,39,1
NETLOG,run02,indoor_static,628,100,922.000,7,125,4/5,14,371566,-61,9.5,39,1
NETLOG,run02,indoor_static,629,100,922.000,7,125,4/5,14,372118,-61,9.5,39,1
NETLOG,run02,indoor_static,630,100,922.000,7,125,4/5,14,372669,-61,9.5,39,1
NETLOG,run02,indoor_static,631,100,922.000,7,125,4/5,14,373221,-62,9.75,39,1
NETLOG,run02,indoor_static,632,100,922.000,7,125,4/5,14,373772,-61,9.5,39,1
NETLOG,run02,indoor_static,633,100,922.000,7,125,4/5,14,374323,-62,9.5,39,1
NETLOG,run02,indoor_static,634,100,922.000,7,125,4/5,14,374875,-61,9.5,39,1
NETLOG,run02,indoor_static,635,100,922.000,7,125,4/5,14,375426,-61,9.75,39,1
NETLOG,run02,indoor_static,636,100,922.000,7,125,4/5,14,375978,-62,9.5,39,1
NETLOG,run02,indoor_static,637,100,922.000,7,125,4/5,14,376530,-61,9.5,39,1
NETLOG,run02,indoor_static,638,100,922.000,7,125,4/5,14,377081,-61,9.25,39,1
NETLOG,run02,indoor_static,639,100,922.000,7,125,4/5,14,377632,-61,9.5,39,1
NETLOG,run02,indoor_static,640,100,922.000,7,125,4/5,14,378183,-61,9.25,39,1
NETLOG,run02,indoor_static,641,100,922.000,7,125,4/5,14,378735,-61,9.25,39,1
NETLOG,run02,indoor_static,642,100,922.000,7,125,4/5,14,379286,-61,9.5,39,1
NETLOG,run02,indoor_static,643,100,922.000,7,125,4/5,14,379838,-61,9.75,39,1
NETLOG,run02,indoor_static,644,100,922.000,7,125,4/5,14,380389,-61,9.25,39,1
NETLOG,run02,indoor_static,645,100,922.000,7,125,4/5,14,380941,-61,10.0,39,1
NETLOG,run02,indoor_static,646,100,922.000,7,125,4/5,14,381492,-61,10.0,39,1
NETLOG,run02,indoor_static,647,100,922.000,7,125,4/5,14,382043,-61,9.5,39,1
NETLOG,run02,indoor_static,648,100,922.000,7,125,4/5,14,382595,-61,9.5,39,1
NETLOG,run02,indoor_static,649,100,922.000,7,125,4/5,14,383147,-61,9.75,39,1
NETLOG,run02,indoor_static,650,100,922.000,7,125,4/5,14,383699,-61,9.5,39,1
NETLOG,run02,indoor_static,651,100,922.000,7,125,4/5,14,384250,-61,9.5,39,1
NETLOG,run02,indoor_static,652,100,922.000,7,125,4/5,14,384802,-62,9.75,39,1
NETLOG,run02,indoor_static,653,100,922.000,7,125,4/5,14,385353,-61,9.25,39,1
NETLOG,run02,indoor_static,654,100,922.000,7,125,4/5,14,385904,-61,9.5,39,1
NETLOG,run02,indoor_static,655,100,922.000,7,125,4/5,14,386455,-62,9.75,39,1
NETLOG,run02,indoor_static,656,100,922.000,7,125,4/5,14,387006,-62,9.75,39,1
NETLOG,run02,indoor_static,657,100,922.000,7,125,4/5,14,387559,-61,9.75,39,1
NETLOG,run02,indoor_static,658,100,922.000,7,125,4/5,14,388110,-62,9.25,39,1
NETLOG,run02,indoor_static,659,100,922.000,7,125,4/5,14,388661,-62,9.5,39,1
NETLOG,run02,indoor_static,660,100,922.000,7,125,4/5,14,389213,-61,9.0,39,1
NETLOG,run02,indoor_static,661,100,922.000,7,125,4/5,14,389764,-61,9.5,39,1
NETLOG,run02,indoor_static,662,100,922.000,7,125,4/5,14,390315,-61,9.5,39,1
NETLOG,run02,indoor_static,663,100,922.000,7,125,4/5,14,390866,-61,9.5,39,1
NETLOG,run02,indoor_static,664,100,922.000,7,125,4/5,14,391418,-62,9.25,39,1
NETLOG,run02,indoor_static,665,100,922.000,7,125,4/5,14,391970,-61,9.75,39,1
NETLOG,run02,indoor_static,666,100,922.000,7,125,4/5,14,392521,-61,9.5,39,1
NETLOG,run02,indoor_static,667,100,922.000,7,125,4/5,14,393072,-61,9.75,39,1
NETLOG,run02,indoor_static,668,100,922.000,7,125,4/5,14,393624,-62,9.5,39,1
NETLOG,run02,indoor_static,669,100,922.000,7,125,4/5,14,394175,-61,9.75,39,1
NETLOG,run02,indoor_static,670,100,922.000,7,125,4/5,14,394727,-62,9.5,39,1
NETLOG,run02,indoor_static,671,100,922.000,7,125,4/5,14,395278,-61,9.5,39,1
NETLOG,run02,indoor_static,672,100,922.000,7,125,4/5,14,395829,-61,9.5,39,1
NETLOG,run02,indoor_static,673,100,922.000,7,125,4/5,14,396381,-61,9.5,39,1
NETLOG,run02,indoor_static,674,100,922.000,7,125,4/5,14,396932,-61,9.75,39,1
NETLOG,run02,indoor_static,675,100,922.000,7,125,4/5,14,397484,-61,9.5,39,1
NETLOG,run02,indoor_static,676,100,922.000,7,125,4/5,14,398035,-62,9.5,39,1
NETLOG,run02,indoor_static,677,100,922.000,7,125,4/5,14,398586,-61,9.5,39,1
NETLOG,run02,indoor_static,678,100,922.000,7,125,4/5,14,399137,-61,9.5,39,1
NETLOG,run02,indoor_static,679,100,922.000,7,125,4/5,14,399688,-61,9.75,39,1
NETLOG,run02,indoor_static,680,100,922.000,7,125,4/5,14,400240,-61,9.75,39,1
NETLOG,run02,indoor_static,681,100,922.000,7,125,4/5,14,400792,-61,9.5,39,1
NETLOG,run02,indoor_static,682,100,922.000,7,125,4/5,14,401345,-61,10.0,39,1
NETLOG,run02,indoor_static,683,100,922.000,7,125,4/5,14,401897,-61,9.75,39,1
NETLOG,run02,indoor_static,684,100,922.000,7,125,4/5,14,402448,-61,9.75,39,1
NETLOG,run02,indoor_static,685,100,922.000,7,125,4/5,14,402999,-62,9.75,39,1
NETLOG,run02,indoor_static,686,100,922.000,7,125,4/5,14,403551,-61,9.75,39,1
NETLOG,run02,indoor_static,687,100,922.000,7,125,4/5,14,404102,-61,9.75,39,1
NETLOG,run02,indoor_static,688,100,922.000,7,125,4/5,14,404653,-61,9.75,39,1
NETLOG,run02,indoor_static,689,100,922.000,7,125,4/5,14,405205,-61,9.5,39,1
NETLOG,run02,indoor_static,690,100,922.000,7,125,4/5,14,405757,-61,9.5,39,1
NETLOG,run02,indoor_static,691,100,922.000,7,125,4/5,14,406308,-61,9.5,39,1
NETLOG,run02,indoor_static,692,100,922.000,7,125,4/5,14,406860,-61,9.75,39,1
NETLOG,run02,indoor_static,693,100,922.000,7,125,4/5,14,407411,-62,9.75,39,1
NETLOG,run02,indoor_static,694,100,922.000,7,125,4/5,14,407963,-62,9.75,39,1
NETLOG,run02,indoor_static,695,100,922.000,7,125,4/5,14,408514,-61,9.5,39,1
NETLOG,run02,indoor_static,696,100,922.000,7,125,4/5,14,409065,-61,9.75,39,1
NETLOG,run02,indoor_static,697,100,922.000,7,125,4/5,14,409618,-61,9.0,39,1
NETLOG,run02,indoor_static,698,100,922.000,7,125,4/5,14,410169,-62,9.25,39,1
NETLOG,run02,indoor_static,699,100,922.000,7,125,4/5,14,410720,-62,9.25,39,1
NETLOG,run02,indoor_static,700,100,922.000,7,125,4/5,14,411272,-61,9.75,39,1
NETLOG,run02,indoor_static,701,100,922.000,7,125,4/5,14,411823,-61,10.0,39,1
NETLOG,run02,indoor_static,702,100,922.000,7,125,4/5,14,412374,-61,9.5,39,1
NETLOG,run02,indoor_static,703,100,922.000,7,125,4/5,14,412926,-61,9.75,39,1
NETLOG,run02,indoor_static,704,100,922.000,7,125,4/5,14,413477,-61,9.5,39,1
NETLOG,run02,indoor_static,705,100,922.000,7,125,4/5,14,414028,-61,9.5,39,1
NETLOG,run02,indoor_static,706,100,922.000,7,125,4/5,14,414580,-62,9.5,39,1
NETLOG,run02,indoor_static,707,100,922.000,7,125,4/5,14,415131,-61,9.5,39,1
NETLOG,run02,indoor_static,708,100,922.000,7,125,4/5,14,415683,-62,9.75,39,1
NETLOG,run02,indoor_static,709,100,922.000,7,125,4/5,14,416234,-61,9.5,39,1
NETLOG,run02,indoor_static,710,100,922.000,7,125,4/5,14,416785,-61,9.75,39,1
NETLOG,run02,indoor_static,711,100,922.000,7,125,4/5,14,417337,-62,9.5,39,1
NETLOG,run02,indoor_static,712,100,922.000,7,125,4/5,14,417888,-61,9.5,39,1
NETLOG,run02,indoor_static,713,100,922.000,7,125,4/5,14,418440,-61,9.5,39,1
NETLOG,run02,indoor_static,714,100,922.000,7,125,4/5,14,418991,-62,9.5,39,1
NETLOG,run02,indoor_static,715,100,922.000,7,125,4/5,14,419542,-61,9.75,39,1
NETLOG,run02,indoor_static,716,100,922.000,7,125,4/5,14,420094,-61,9.75,39,1
NETLOG,run02,indoor_static,717,100,922.000,7,125,4/5,14,420645,-62,9.5,39,1
NETLOG,run02,indoor_static,718,100,922.000,7,125,4/5,14,421197,-62,9.5,39,1
NETLOG,run02,indoor_static,719,100,922.000,7,125,4/5,14,421748,-61,9.75,39,1
NETLOG,run02,indoor_static,720,100,922.000,7,125,4/5,14,422299,-62,9.5,39,1
NETLOG,run02,indoor_static,721,100,922.000,7,125,4/5,14,422851,-62,9.5,39,1
NETLOG,run02,indoor_static,722,100,922.000,7,125,4/5,14,423402,-61,10.0,39,1
NETLOG,run02,indoor_static,723,100,922.000,7,125,4/5,14,423955,-62,10.0,39,1
NETLOG,run02,indoor_static,724,100,922.000,7,125,4/5,14,424506,-62,9.75,39,1
NETLOG,run02,indoor_static,725,100,922.000,7,125,4/5,14,425057,-61,9.75,39,1
NETLOG,run02,indoor_static,726,100,922.000,7,125,4/5,14,425609,-61,9.75,39,1
NETLOG,run02,indoor_static,727,100,922.000,7,125,4/5,14,426160,-62,9.25,39,1
NETLOG,run02,indoor_static,728,100,922.000,7,125,4/5,14,426712,-61,9.5,39,1
NETLOG,run02,indoor_static,729,100,922.000,7,125,4/5,14,427263,-61,9.75,39,1
NETLOG,run02,indoor_static,730,100,922.000,7,125,4/5,14,427815,-61,9.75,39,1
NETLOG,run02,indoor_static,731,100,922.000,7,125,4/5,14,428366,-61,12.0,39,1
NETLOG,run02,indoor_static,732,100,922.000,7,125,4/5,14,428918,-62,9.5,39,1
NETLOG,run02,indoor_static,733,100,922.000,7,125,4/5,14,429469,-62,9.5,39,1
NETLOG,run02,indoor_static,734,100,922.000,7,125,4/5,14,430021,-62,9.5,39,1
NETLOG,run02,indoor_static,735,100,922.000,7,125,4/5,14,430572,-62,9.5,39,1
NETLOG,run02,indoor_static,736,100,922.000,7,125,4/5,14,431124,-61,10.0,39,1
NETLOG,run02,indoor_static,737,100,922.000,7,125,4/5,14,431675,-61,10.0,39,1
NETLOG,run02,indoor_static,738,100,922.000,7,125,4/5,14,432226,-61,9.75,39,1
NETLOG,run02,indoor_static,739,100,922.000,7,125,4/5,14,432777,-61,10.0,39,1
NETLOG,run02,indoor_static,740,100,922.000,7,125,4/5,14,433329,-61,9.75,39,1
NETLOG,run02,indoor_static,741,100,922.000,7,125,4/5,14,433880,-62,10.0,39,1
NETLOG,run02,indoor_static,742,100,922.000,7,125,4/5,14,434432,-62,9.75,39,1
NETLOG,run02,indoor_static,743,100,922.000,7,125,4/5,14,434983,-61,9.75,39,1
NETLOG,run02,indoor_static,744,100,922.000,7,125,4/5,14,435535,-61,10.0,39,1
NETLOG,run02,indoor_static,745,100,922.000,7,125,4/5,14,436086,-61,10.0,39,1
NETLOG,run02,indoor_static,746,100,922.000,7,125,4/5,14,436637,-61,9.5,39,1
NETLOG,run02,indoor_static,747,100,922.000,7,125,4/5,14,437189,-71,9.5,39,1
NETLOG,run02,indoor_static,748,100,922.000,7,125,4/5,14,437740,-66,9.25,39,1
NETLOG,run02,indoor_static,749,100,922.000,7,125,4/5,14,438291,-74,9.0,39,1
NETLOG,run02,indoor_static,750,100,922.000,7,125,4/5,14,438843,-85,5.75,39,1
NETLOG,run02,indoor_static,751,100,922.000,7,125,4/5,14,439394,-80,8.5,39,1
NETLOG,run02,indoor_static,752,100,922.000,7,125,4/5,14,439946,-81,9.0,39,1
NETLOG,run02,indoor_static,753,100,922.000,7,125,4/5,14,440497,-77,9.25,39,1
NETLOG,run02,indoor_static,754,100,922.000,7,125,4/5,14,441048,-77,9.25,39,1
NETLOG,run02,indoor_static,755,100,922.000,7,125,4/5,14,441600,-78,9.0,39,1
NETLOG,run02,indoor_static,756,100,922.000,7,125,4/5,14,442152,-78,9.25,39,1
NETLOG,run02,indoor_static,757,100,922.000,7,125,4/5,14,442704,-77,9.0,39,1
NETLOG,run02,indoor_static,758,100,922.000,7,125,4/5,14,443255,-63,9.75,39,1
NETLOG,run02,indoor_static,759,100,922.000,7,125,4/5,14,443806,-60,9.5,39,1
NETLOG,run02,indoor_static,760,100,922.000,7,125,4/5,14,444357,-60,9.5,39,1
NETLOG,run02,indoor_static,761,100,922.000,7,125,4/5,14,444909,-63,9.5,39,1
NETLOG,run02,indoor_static,762,100,922.000,7,125,4/5,14,445460,-64,9.25,39,1
NETLOG,run02,indoor_static,763,100,922.000,7,125,4/5,14,446011,-64,9.25,39,1
NETLOG,run02,indoor_static,764,100,922.000,7,125,4/5,14,446564,-63,9.5,39,1
NETLOG,run02,indoor_static,765,100,922.000,7,125,4/5,14,447115,-61,9.75,39,1
NETLOG,run02,indoor_static,766,100,922.000,7,125,4/5,14,447667,-60,9.5,39,1
NETLOG,run02,indoor_static,767,100,922.000,7,125,4/5,14,448218,-60,9.25,39,1
NETLOG,run02,indoor_static,768,100,922.000,7,125,4/5,14,448769,-60,10.0,39,1
NETLOG,run02,indoor_static,769,100,922.000,7,125,4/5,14,449321,-61,9.25,39,1
NETLOG,run02,indoor_static,770,100,922.000,7,125,4/5,14,449872,-61,9.5,39,1
NETLOG,run02,indoor_static,771,100,922.000,7,125,4/5,14,450424,-61,9.75,39,1
NETLOG,run02,indoor_static,772,100,922.000,7,125,4/5,14,450975,-60,9.75,39,1
NETLOG,run02,indoor_static,773,100,922.000,7,125,4/5,14,451527,-60,9.75,39,1
NETLOG,run02,indoor_static,774,100,922.000,7,125,4/5,14,452078,-60,10.0,39,1
NETLOG,run02,indoor_static,775,100,922.000,7,125,4/5,14,452630,-60,9.75,39,1
NETLOG,run02,indoor_static,776,100,922.000,7,125,4/5,14,453180,-61,9.0,39,1
NETLOG,run02,indoor_static,777,100,922.000,7,125,4/5,14,453732,-60,9.5,39,1
NETLOG,run02,indoor_static,778,100,922.000,7,125,4/5,14,454283,-60,10.0,39,1
NETLOG,run02,indoor_static,779,100,922.000,7,125,4/5,14,454834,-60,9.25,39,1
NETLOG,run02,indoor_static,780,100,922.000,7,125,4/5,14,455385,-60,9.75,39,1
NETLOG,run02,indoor_static,781,100,922.000,7,125,4/5,14,455937,-61,9.75,39,1
NETLOG,run02,indoor_static,782,100,922.000,7,125,4/5,14,456488,-60,9.5,39,1
NETLOG,run02,indoor_static,783,100,922.000,7,125,4/5,14,457039,-61,9.75,39,1
NETLOG,run02,indoor_static,784,100,922.000,7,125,4/5,14,457591,-60,9.5,39,1
NETLOG,run02,indoor_static,785,100,922.000,7,125,4/5,14,458142,-60,9.5,39,1
NETLOG,run02,indoor_static,786,100,922.000,7,125,4/5,14,458694,-60,9.25,39,1
NETLOG,run02,indoor_static,787,100,922.000,7,125,4/5,14,459245,-60,9.25,39,1
NETLOG,run02,indoor_static,788,100,922.000,7,125,4/5,14,459796,-60,11.75,39,1
NETLOG,run02,indoor_static,789,100,922.000,7,125,4/5,14,460349,-61,9.5,39,1
NETLOG,run02,indoor_static,790,100,922.000,7,125,4/5,14,460900,-60,9.75,39,1
NETLOG,run02,indoor_static,791,100,922.000,7,125,4/5,14,461452,-60,10.25,39,1
NETLOG,run02,indoor_static,792,100,922.000,7,125,4/5,14,462003,-60,12.25,39,1
NETLOG,run02,indoor_static,793,100,922.000,7,125,4/5,14,462555,-61,9.5,39,1
NETLOG,run02,indoor_static,794,100,922.000,7,125,4/5,14,463105,-61,9.25,39,1
NETLOG,run02,indoor_static,795,100,922.000,7,125,4/5,14,463657,-61,12.25,39,1
NETLOG,run02,indoor_static,796,100,922.000,7,125,4/5,14,464208,-60,10.0,39,1
NETLOG,run02,indoor_static,797,100,922.000,7,125,4/5,14,464761,-61,9.75,39,1
NETLOG,run02,indoor_static,798,100,922.000,7,125,4/5,14,465312,-60,9.25,39,1
NETLOG,run02,indoor_static,799,100,922.000,7,125,4/5,14,465864,-60,10.0,39,1
NETLOG,run02,indoor_static,800,100,922.000,7,125,4/5,14,466415,-60,9.5,39,1
NETLOG,run02,indoor_static,801,100,922.000,7,125,4/5,14,466966,-61,10.25,39,1
NETLOG,run02,indoor_static,802,100,922.000,7,125,4/5,14,467518,-60,9.25,39,1
NETLOG,run02,indoor_static,803,100,922.000,7,125,4/5,14,468069,-61,9.25,39,1
NETLOG,run02,indoor_static,804,100,922.000,7,125,4/5,14,468622,-61,9.5,39,1
NETLOG,run02,indoor_static,805,100,922.000,7,125,4/5,14,469173,-60,9.25,39,1
NETLOG,run02,indoor_static,806,100,922.000,7,125,4/5,14,469724,-61,9.75,39,1
NETLOG,run02,indoor_static,807,100,922.000,7,125,4/5,14,470276,-60,9.75,39,1
NETLOG,run02,indoor_static,808,100,922.000,7,125,4/5,14,470827,-60,9.5,39,1
NETLOG,run02,indoor_static,809,100,922.000,7,125,4/5,14,471379,-60,9.5,39,1
NETLOG,run02,indoor_static,810,100,922.000,7,125,4/5,14,471930,-60,9.5,39,1
NETLOG,run02,indoor_static,811,100,922.000,7,125,4/5,14,472481,-61,9.5,39,1
NETLOG,run02,indoor_static,812,100,922.000,7,125,4/5,14,473032,-60,10.0,39,1
NETLOG,run02,indoor_static,813,100,922.000,7,125,4/5,14,473583,-60,10.0,39,1
NETLOG,run02,indoor_static,814,100,922.000,7,125,4/5,14,474135,-61,9.25,39,1
NETLOG,run02,indoor_static,815,100,922.000,7,125,4/5,14,474686,-60,9.5,39,1
NETLOG,run02,indoor_static,816,100,922.000,7,125,4/5,14,475238,-61,9.25,39,1
NETLOG,run02,indoor_static,817,100,922.000,7,125,4/5,14,475789,-60,9.25,39,1
NETLOG,run02,indoor_static,818,100,922.000,7,125,4/5,14,476341,-63,9.5,39,1
NETLOG,run02,indoor_static,819,100,922.000,7,125,4/5,14,476891,-67,9.25,39,1
NETLOG,run02,indoor_static,820,100,922.000,7,125,4/5,14,477442,-73,9.5,39,1
NETLOG,run02,indoor_static,821,100,922.000,7,125,4/5,14,477993,-78,9.0,39,1
NETLOG,run02,indoor_static,822,100,922.000,7,125,4/5,14,478545,-70,9.25,39,1
NETLOG,run02,indoor_static,823,100,922.000,7,125,4/5,14,479096,-70,9.5,39,1
NETLOG,run02,indoor_static,824,100,922.000,7,125,4/5,14,479647,-69,9.5,39,1
NETLOG,run02,indoor_static,825,100,922.000,7,125,4/5,14,480198,-69,8.75,39,1
NETLOG,run02,indoor_static,826,100,922.000,7,125,4/5,14,480750,-69,9.5,39,1
NETLOG,run02,indoor_static,827,100,922.000,7,125,4/5,14,481301,-69,9.75,39,1
NETLOG,run02,indoor_static,828,100,922.000,7,125,4/5,14,481852,-69,9.5,39,1
NETLOG,run02,indoor_static,829,100,922.000,7,125,4/5,14,482404,-69,9.25,39,1
NETLOG,run02,indoor_static,830,100,922.000,7,125,4/5,14,482956,-69,9.5,39,1
NETLOG,run02,indoor_static,831,100,922.000,7,125,4/5,14,483508,-69,9.5,39,1
NETLOG,run02,indoor_static,832,100,922.000,7,125,4/5,14,484059,-70,9.5,39,1
NETLOG,run02,indoor_static,833,100,922.000,7,125,4/5,14,484611,-70,9.5,39,1
NETLOG,run02,indoor_static,834,100,922.000,7,125,4/5,14,485162,-70,9.5,39,1
NETLOG,run02,indoor_static,835,100,922.000,7,125,4/5,14,485713,-70,9.25,39,1
NETLOG,run02,indoor_static,836,100,922.000,7,125,4/5,14,486264,-70,9.0,39,1
NETLOG,run02,indoor_static,837,100,922.000,7,125,4/5,14,486816,-69,9.25,39,1
NETLOG,run02,indoor_static,838,100,922.000,7,125,4/5,14,487368,-70,9.75,39,1
NETLOG,run02,indoor_static,839,100,922.000,7,125,4/5,14,487919,-71,9.5,39,1
NETLOG,run02,indoor_static,840,100,922.000,7,125,4/5,14,488471,-71,9.5,39,1
NETLOG,run02,indoor_static,841,100,922.000,7,125,4/5,14,489022,-74,9.75,39,1
NETLOG,run02,indoor_static,842,100,922.000,7,125,4/5,14,489573,-80,9.0,39,1
NETLOG,run02,indoor_static,843,100,922.000,7,125,4/5,14,490125,-68,9.75,39,1
NETLOG,run02,indoor_static,844,100,922.000,7,125,4/5,14,490676,-66,10.0,39,1
NETLOG,run02,indoor_static,845,100,922.000,7,125,4/5,14,491229,-65,9.25,39,1
NETLOG,run02,indoor_static,846,100,922.000,7,125,4/5,14,491780,-64,9.75,39,1
NETLOG,run02,indoor_static,847,100,922.000,7,125,4/5,14,492331,-67,9.5,39,1
NETLOG,run02,indoor_static,848,100,922.000,7,125,4/5,14,492883,-63,10.0,39,1
NETLOG,run02,indoor_static,849,100,922.000,7,125,4/5,14,493434,-61,9.5,39,1
NETLOG,run02,indoor_static,850,100,922.000,7,125,4/5,14,493986,-61,10.0,39,1
NETLOG,run02,indoor_static,851,100,922.000,7,125,4/5,14,494537,-62,9.75,39,1
NETLOG,run02,indoor_static,852,100,922.000,7,125,4/5,14,495088,-61,9.5,39,1
NETLOG,run02,indoor_static,853,100,922.000,7,125,4/5,14,495639,-61,9.5,39,1
NETLOG,run02,indoor_static,854,100,922.000,7,125,4/5,14,496190,-61,9.5,39,1
NETLOG,run02,indoor_static,855,100,922.000,7,125,4/5,14,496741,-62,9.75,39,1
NETLOG,run02,indoor_static,856,100,922.000,7,125,4/5,14,497293,-62,9.75,39,1
NETLOG,run02,indoor_static,857,100,922.000,7,125,4/5,14,497844,-62,9.5,39,1
NETLOG,run02,indoor_static,858,100,922.000,7,125,4/5,14,498395,-62,9.5,39,1
NETLOG,run02,indoor_static,859,100,922.000,7,125,4/5,14,498947,-63,9.75,39,1
NETLOG,run02,indoor_static,860,100,922.000,7,125,4/5,14,499498,-63,9.5,39,1
NETLOG,run02,indoor_static,861,100,922.000,7,125,4/5,14,500049,-63,9.75,39,1
NETLOG,run02,indoor_static,862,100,922.000,7,125,4/5,14,500600,-64,9.0,39,1
NETLOG,run02,indoor_static,863,100,922.000,7,125,4/5,14,501153,-66,9.25,39,1
NETLOG,run02,indoor_static,864,100,922.000,7,125,4/5,14,501704,-65,9.75,39,1
NETLOG,run02,indoor_static,865,100,922.000,7,125,4/5,14,502256,-87,5.25,39,1
NETLOG,run02,indoor_static,866,100,922.000,7,125,4/5,14,502807,-69,9.5,39,1
NETLOG,run02,indoor_static,867,100,922.000,7,125,4/5,14,503359,-66,9.5,39,1
NETLOG,run02,indoor_static,868,100,922.000,7,125,4/5,14,503910,-65,10.0,39,1
NETLOG,run02,indoor_static,869,100,922.000,7,125,4/5,14,504461,-65,9.5,39,1
NETLOG,run02,indoor_static,870,100,922.000,7,125,4/5,14,505012,-66,9.75,39,1
NETLOG,run02,indoor_static,871,100,922.000,7,125,4/5,14,505565,-66,9.5,39,1
NETLOG,run02,indoor_static,872,100,922.000,7,125,4/5,14,506116,-66,9.5,39,1
NETLOG,run02,indoor_static,873,100,922.000,7,125,4/5,14,506668,-66,9.75,39,1
NETLOG,run02,indoor_static,874,100,922.000,7,125,4/5,14,507218,-66,9.75,39,1
NETLOG,run02,indoor_static,875,100,922.000,7,125,4/5,14,507770,-66,9.25,39,1
NETLOG,run02,indoor_static,876,100,922.000,7,125,4/5,14,508321,-66,9.5,39,1
NETLOG,run02,indoor_static,877,100,922.000,7,125,4/5,14,508872,-67,9.5,39,1
NETLOG,run02,indoor_static,878,100,922.000,7,125,4/5,14,509425,-66,9.25,39,1
NETLOG,run02,indoor_static,879,100,922.000,7,125,4/5,14,509976,-66,9.5,39,1
NETLOG,run02,indoor_static,880,100,922.000,7,125,4/5,14,510527,-66,9.5,39,1
NETLOG,run02,indoor_static,881,100,922.000,7,125,4/5,14,511079,-67,9.75,39,1
NETLOG,run02,indoor_static,882,100,922.000,7,125,4/5,14,511630,-67,9.5,39,1
NETLOG,run02,indoor_static,883,100,922.000,7,125,4/5,14,512181,-67,9.75,39,1
NETLOG,run02,indoor_static,884,100,922.000,7,125,4/5,14,512733,-67,9.75,39,1
NETLOG,run02,indoor_static,885,100,922.000,7,125,4/5,14,513284,-69,9.25,39,1
NETLOG,run02,indoor_static,886,100,922.000,7,125,4/5,14,513836,-75,9.5,39,1
NETLOG,run02,indoor_static,887,100,922.000,7,125,4/5,14,514387,-79,9.25,39,1
NETLOG,run02,indoor_static,888,100,922.000,7,125,4/5,14,514938,-78,9.5,39,1
NETLOG,run02,indoor_static,889,100,922.000,7,125,4/5,14,515490,-73,10.0,39,1
NETLOG,run02,indoor_static,890,100,922.000,7,125,4/5,14,516041,-67,9.75,39,1
NETLOG,run02,indoor_static,891,100,922.000,7,125,4/5,14,516593,-68,9.5,39,1
NETLOG,run02,indoor_static,892,100,922.000,7,125,4/5,14,517144,-68,9.75,39,1
NETLOG,run02,indoor_static,893,100,922.000,7,125,4/5,14,517695,-69,10.0,39,1
NETLOG,run02,indoor_static,894,100,922.000,7,125,4/5,14,518247,-69,10.0,39,1
NETLOG,run02,indoor_static,895,100,922.000,7,125,4/5,14,518798,-68,9.75,39,1
NETLOG,run02,indoor_static,896,100,922.000,7,125,4/5,14,519349,-70,9.5,39,1
NETLOG,run02,indoor_static,897,100,922.000,7,125,4/5,14,519901,-71,9.25,39,1
NETLOG,run02,indoor_static,898,100,922.000,7,125,4/5,14,520452,-68,9.5,39,1
NETLOG,run02,indoor_static,899,100,922.000,7,125,4/5,14,521004,-69,9.5,39,1
NETLOG,run02,indoor_static,900,100,922.000,7,125,4/5,14,521555,-64,9.75,39,1
NETLOG,run02,indoor_static,901,100,922.000,7,125,4/5,14,522106,-60,9.75,39,1
NETLOG,run02,indoor_static,902,100,922.000,7,125,4/5,14,522658,-61,9.75,39,1
NETLOG,run02,indoor_static,903,100,922.000,7,125,4/5,14,523209,-61,10.5,39,1
NETLOG,run02,indoor_static,904,100,922.000,7,125,4/5,14,523762,-61,9.75,39,1
NETLOG,run02,indoor_static,905,100,922.000,7,125,4/5,14,524313,-61,9.5,39,1
NETLOG,run02,indoor_static,906,100,922.000,7,125,4/5,14,524865,-61,9.25,39,1
NETLOG,run02,indoor_static,907,100,922.000,7,125,4/5,14,525416,-60,9.75,39,1
NETLOG,run02,indoor_static,908,100,922.000,7,125,4/5,14,525967,-61,9.75,39,1
NETLOG,run02,indoor_static,909,100,922.000,7,125,4/5,14,526519,-63,9.75,39,1
NETLOG,run02,indoor_static,910,100,922.000,7,125,4/5,14,527070,-62,9.75,39,1
NETLOG,run02,indoor_static,911,100,922.000,7,125,4/5,14,527622,-63,9.75,39,1
NETLOG,run02,indoor_static,912,100,922.000,7,125,4/5,14,528174,-63,9.75,39,1
NETLOG,run02,indoor_static,913,100,922.000,7,125,4/5,14,528725,-63,10.0,39,1
NETLOG,run02,indoor_static,914,100,922.000,7,125,4/5,14,529276,-63,9.75,39,1
NETLOG,run02,indoor_static,915,100,922.000,7,125,4/5,14,529828,-63,10.0,39,1
NETLOG,run02,indoor_static,916,100,922.000,7,125,4/5,14,530379,-63,10.0,39,1
NETLOG,run02,indoor_static,917,100,922.000,7,125,4/5,14,530931,-64,9.75,39,1
NETLOG,run02,indoor_static,918,100,922.000,7,125,4/5,14,531482,-63,9.75,39,1
NETLOG,run02,indoor_static,919,100,922.000,7,125,4/5,14,532033,-62,10.0,39,1
NETLOG,run02,indoor_static,920,100,922.000,7,125,4/5,14,532585,-63,9.75,39,1
NETLOG,run02,indoor_static,921,100,922.000,7,125,4/5,14,533136,-63,9.25,39,1
NETLOG,run02,indoor_static,922,100,922.000,7,125,4/5,14,533688,-63,10.0,39,1
NETLOG,run02,indoor_static,923,100,922.000,7,125,4/5,14,534239,-62,9.75,39,1
NETLOG,run02,indoor_static,924,100,922.000,7,125,4/5,14,534790,-63,9.25,39,1
NETLOG,run02,indoor_static,925,100,922.000,7,125,4/5,14,535342,-63,9.75,39,1
NETLOG,run02,indoor_static,926,100,922.000,7,125,4/5,14,535893,-62,9.75,39,1
NETLOG,run02,indoor_static,927,100,922.000,7,125,4/5,14,536444,-63,9.5,39,1
NETLOG,run02,indoor_static,928,100,922.000,7,125,4/5,14,536995,-63,9.75,39,1
NETLOG,run02,indoor_static,929,100,922.000,7,125,4/5,14,537546,-63,9.75,39,1
NETLOG,run02,indoor_static,930,100,922.000,7,125,4/5,14,538098,-63,9.5,39,1
NETLOG,run02,indoor_static,931,100,922.000,7,125,4/5,14,538649,-63,9.75,39,1
NETLOG,run02,indoor_static,932,100,922.000,7,125,4/5,14,539201,-62,9.75,39,1
NETLOG,run02,indoor_static,933,100,922.000,7,125,4/5,14,539752,-63,10.0,39,1
NETLOG,run02,indoor_static,934,100,922.000,7,125,4/5,14,540304,-63,9.25,39,1
NETLOG,run02,indoor_static,935,100,922.000,7,125,4/5,14,540855,-62,9.75,39,1
NETLOG,run02,indoor_static,936,100,922.000,7,125,4/5,14,541405,-63,9.25,39,1
NETLOG,run02,indoor_static,937,100,922.000,7,125,4/5,14,541958,-63,10.0,39,1
NETLOG,run02,indoor_static,938,100,922.000,7,125,4/5,14,542510,-63,9.5,39,1
NETLOG,run02,indoor_static,939,100,922.000,7,125,4/5,14,543061,-63,9.75,39,1
NETLOG,run02,indoor_static,940,100,922.000,7,125,4/5,14,543612,-63,10.0,39,1
NETLOG,run02,indoor_static,941,100,922.000,7,125,4/5,14,544164,-62,9.5,39,1
NETLOG,run02,indoor_static,942,100,922.000,7,125,4/5,14,544715,-62,9.5,39,1
NETLOG,run02,indoor_static,943,100,922.000,7,125,4/5,14,545266,-63,9.75,39,1
NETLOG,run02,indoor_static,944,100,922.000,7,125,4/5,14,545817,-62,9.75,39,1
NETLOG,run02,indoor_static,945,100,922.000,7,125,4/5,14,546370,-63,9.75,39,1
NETLOG,run02,indoor_static,946,100,922.000,7,125,4/5,14,546921,-63,9.25,39,1
NETLOG,run02,indoor_static,947,100,922.000,7,125,4/5,14,547472,-65,9.25,39,1
NETLOG,run02,indoor_static,948,100,922.000,7,125,4/5,14,548024,-65,9.25,39,1
NETLOG,run02,indoor_static,949,100,922.000,7,125,4/5,14,548575,-64,9.25,39,1
NETLOG,run02,indoor_static,950,100,922.000,7,125,4/5,14,549127,-64,9.25,39,1
NETLOG,run02,indoor_static,951,100,922.000,7,125,4/5,14,549678,-64,9.25,39,1
NETLOG,run02,indoor_static,952,100,922.000,7,125,4/5,14,550230,-63,9.25,39,1
NETLOG,run02,indoor_static,953,100,922.000,7,125,4/5,14,550781,-64,9.0,39,1
NETLOG,run02,indoor_static,954,100,922.000,7,125,4/5,14,551333,-64,9.25,39,1
NETLOG,run02,indoor_static,955,100,922.000,7,125,4/5,14,551884,-63,9.25,39,1
NETLOG,run02,indoor_static,956,100,922.000,7,125,4/5,14,552436,-63,9.25,39,1
NETLOG,run02,indoor_static,957,100,922.000,7,125,4/5,14,552987,-63,9.5,39,1
NETLOG,run02,indoor_static,958,100,922.000,7,125,4/5,14,553538,-64,9.5,39,1
NETLOG,run02,indoor_static,959,100,922.000,7,125,4/5,14,554090,-63,11.75,39,1
NETLOG,run02,indoor_static,960,100,922.000,7,125,4/5,14,554640,-63,9.5,39,1
NETLOG,run02,indoor_static,961,100,922.000,7,125,4/5,14,555192,-64,9.5,39,1
NETLOG,run02,indoor_static,962,100,922.000,7,125,4/5,14,555743,-63,9.5,39,1
NETLOG,run02,indoor_static,963,100,922.000,7,125,4/5,14,556295,-63,9.5,39,1
NETLOG,run02,indoor_static,964,100,922.000,7,125,4/5,14,556846,-63,9.5,39,1
NETLOG,run02,indoor_static,965,100,922.000,7,125,4/5,14,557397,-63,9.5,39,1
NETLOG,run02,indoor_static,966,100,922.000,7,125,4/5,14,557949,-64,9.25,39,1
NETLOG,run02,indoor_static,967,100,922.000,7,125,4/5,14,558500,-65,9.25,39,1
NETLOG,run02,indoor_static,968,100,922.000,7,125,4/5,14,559051,-66,9.5,39,1
NETLOG,run02,indoor_static,969,100,922.000,7,125,4/5,14,559603,-66,9.5,39,1
NETLOG,run02,indoor_static,970,100,922.000,7,125,4/5,14,560155,-65,9.25,39,1
NETLOG,run02,indoor_static,971,100,922.000,7,125,4/5,14,560707,-66,9.5,39,1
NETLOG,run02,indoor_static,972,100,922.000,7,125,4/5,14,561258,-66,9.5,39,1
NETLOG,run02,indoor_static,973,100,922.000,7,125,4/5,14,561810,-65,9.25,39,1
NETLOG,run02,indoor_static,974,100,922.000,7,125,4/5,14,562361,-66,9.25,39,1
NETLOG,run02,indoor_static,975,100,922.000,7,125,4/5,14,562913,-66,9.25,39,1
NETLOG,run02,indoor_static,976,100,922.000,7,125,4/5,14,563464,-66,9.5,39,1
NETLOG,run02,indoor_static,977,100,922.000,7,125,4/5,14,564015,-66,10.0,39,1
NETLOG,run02,indoor_static,978,100,922.000,7,125,4/5,14,564568,-65,10.0,39,1
NETLOG,run02,indoor_static,979,100,922.000,7,125,4/5,14,565119,-66,9.75,39,1
NETLOG,run02,indoor_static,980,100,922.000,7,125,4/5,14,565671,-66,9.25,39,1
NETLOG,run02,indoor_static,981,100,922.000,7,125,4/5,14,566222,-66,9.5,39,1
NETLOG,run02,indoor_static,982,100,922.000,7,125,4/5,14,566773,-66,9.25,39,1
NETLOG,run02,indoor_static,983,100,922.000,7,125,4/5,14,567325,-66,9.5,39,1
NETLOG,run02,indoor_static,984,100,922.000,7,125,4/5,14,567876,-66,9.5,39,1
NETLOG,run02,indoor_static,985,100,922.000,7,125,4/5,14,568429,-65,9.75,39,1
NETLOG,run02,indoor_static,986,100,922.000,7,125,4/5,14,568980,-65,9.75,39,1
NETLOG,run02,indoor_static,987,100,922.000,7,125,4/5,14,569532,-65,9.5,39,1
NETLOG,run02,indoor_static,988,100,922.000,7,125,4/5,14,570083,-66,9.0,39,1
NETLOG,run02,indoor_static,989,100,922.000,7,125,4/5,14,570634,-66,9.5,39,1
NETLOG,run02,indoor_static,990,100,922.000,7,125,4/5,14,571186,-65,9.75,39,1
NETLOG,run02,indoor_static,991,100,922.000,7,125,4/5,14,571737,-66,9.5,39,1
NETLOG,run02,indoor_static,992,100,922.000,7,125,4/5,14,572287,-65,9.25,39,1
NETLOG,run02,indoor_static,993,100,922.000,7,125,4/5,14,572839,-66,12.25,39,1
NETLOG,run02,indoor_static,994,100,922.000,7,125,4/5,14,573390,-65,9.75,39,1
NETLOG,run02,indoor_static,995,100,922.000,7,125,4/5,14,573941,-65,9.5,39,1
NETLOG,run02,indoor_static,996,100,922.000,7,125,4/5,14,574493,-66,9.5,39,1
NETLOG,run02,indoor_static,997,100,922.000,7,125,4/5,14,575044,-65,9.5,39,1
NETLOG,run02,indoor_static,998,100,922.000,7,125,4/5,14,575596,-65,9.5,39,1
NETLOG,run02,indoor_static,999,100,922.000,7,125,4/5,14,576147,-65,9.5,39,1

