>>> %Run -c $EDITOR_CONTENT

MPY: soft reboot
NETWORK: paired RSSI probe responder
CONFIG: run_id=run03 env=indoor_dynamic distance_cm=100 freq_mhz=922.0 sf=7 bw=125000 cr=4/5 tx_power=14
NETLOG_HEADER,marker,run_id,env,seq,distance_cm,freq_mhz,sf,bw_khz,cr,tx_power_dbm,t_ms,rssi_network,snr_network,payload_len,ok
NETLOG,run03,indoor_dynamic,0,100,922.000,7,125,4/5,14,1267887,-66,9.5,38,1
NETLOG,run03,indoor_dynamic,1,100,922.000,7,125,4/5,14,1268434,-65,9.25,38,1
NETLOG,run03,indoor_dynamic,2,100,922.000,7,125,4/5,14,1268986,-65,9.75,38,1
NETLOG,run03,indoor_dynamic,3,100,922.000,7,125,4/5,14,1269536,-66,9.75,38,1
NETLOG,run03,indoor_dynamic,4,100,922.000,7,125,4/5,14,1270087,-65,9.25,38,1
NETLOG,run03,indoor_dynamic,5,100,922.000,7,125,4/5,14,1270641,-66,10.5,38,1
NETLOG,run03,indoor_dynamic,6,100,922.000,7,125,4/5,14,1271192,-61,9.75,38,1
NETLOG,run03,indoor_dynamic,7,100,922.000,7,125,4/5,14,1271744,-58,10.0,38,1
NETLOG,run03,indoor_dynamic,8,100,922.000,7,125,4/5,14,1272295,-62,9.5,38,1
NETLOG,run03,indoor_dynamic,9,100,922.000,7,125,4/5,14,1272841,-69,9.5,38,1
NETLOG,run03,indoor_dynamic,10,100,922.000,7,125,4/5,14,1273387,-61,9.5,39,1
NETLOG,run03,indoor_dynamic,11,100,922.000,7,125,4/5,14,1273939,-58,10.0,39,1
NETLOG,run03,indoor_dynamic,12,100,922.000,7,125,4/5,14,1274490,-57,10.0,39,1
NETLOG,run03,indoor_dynamic,13,100,922.000,7,125,4/5,14,1275041,-61,9.5,39,1
NETLOG,run03,indoor_dynamic,14,100,922.000,7,125,4/5,14,1275592,-61,9.25,39,1
NETLOG,run03,indoor_dynamic,15,100,922.000,7,125,4/5,14,1276142,-62,9.75,39,1
NETLOG,run03,indoor_dynamic,16,100,922.000,7,125,4/5,14,1276693,-63,9.0,39,1
NETLOG,run03,indoor_dynamic,17,100,922.000,7,125,4/5,14,1277244,-62,9.5,39,1
NETLOG,run03,indoor_dynamic,18,100,922.000,7,125,4/5,14,1277796,-62,10.25,39,1
NETLOG,run03,indoor_dynamic,19,100,922.000,7,125,4/5,14,1278347,-62,9.25,39,1
NETLOG,run03,indoor_dynamic,20,100,922.000,7,125,4/5,14,1278899,-62,9.75,39,1
NETLOG,run03,indoor_dynamic,21,100,922.000,7,125,4/5,14,1279450,-64,9.25,39,1
NETLOG,run03,indoor_dynamic,22,100,922.000,7,125,4/5,14,1280002,-61,9.5,39,1
NETLOG,run03,indoor_dynamic,23,100,922.000,7,125,4/5,14,1280553,-61,9.0,39,1
NETLOG,run03,indoor_dynamic,24,100,922.000,7,125,4/5,14,1281104,-59,9.25,39,1
NETLOG,run03,indoor_dynamic,25,100,922.000,7,125,4/5,14,1281655,-64,9.25,39,1
NETLOG,run03,indoor_dynamic,26,100,922.000,7,125,4/5,14,1282205,-73,9.25,39,1
NETLOG,run03,indoor_dynamic,27,100,922.000,7,125,4/5,14,1282758,-62,9.5,39,1
NETLOG,run03,indoor_dynamic,28,100,922.000,7,125,4/5,14,1283310,-64,9.25,39,1
NETLOG,run03,indoor_dynamic,29,100,922.000,7,125,4/5,14,1283861,-64,9.25,39,1
NETLOG,run03,indoor_dynamic,30,100,922.000,7,125,4/5,14,1284412,-60,9.25,39,1
NETLOG,run03,indoor_dynamic,31,100,922.000,7,125,4/5,14,1284963,-75,11.25,39,1
NETLOG,run03,indoor_dynamic,32,100,922.000,7,125,4/5,14,1285515,-68,9.5,39,1
NETLOG,run03,indoor_dynamic,33,100,922.000,7,125,4/5,14,1286066,-61,9.25,39,1
NETLOG,run03,indoor_dynamic,34,100,922.000,7,125,4/5,14,1286617,-61,9.25,39,1
NETLOG,run03,indoor_dynamic,35,100,922.000,7,125,4/5,14,1287169,-61,10.0,39,1
NETLOG,run03,indoor_dynamic,36,100,922.000,7,125,4/5,14,1287722,-60,9.75,39,1
NETLOG,run03,indoor_dynamic,37,100,922.000,7,125,4/5,14,1288273,-62,9.75,39,1
NETLOG,run03,indoor_dynamic,38,100,922.000,7,125,4/5,14,1288824,-60,9.5,39,1
NETLOG,run03,indoor_dynamic,39,100,922.000,7,125,4/5,14,1289375,-61,9.5,39,1
NETLOG,run03,indoor_dynamic,40,100,922.000,7,125,4/5,14,1289926,-61,9.75,39,1
NETLOG,run03,indoor_dynamic,41,100,922.000,7,125,4/5,14,1290479,-61,9.5,39,1
NETLOG,run03,indoor_dynamic,42,100,922.000,7,125,4/5,14,1291030,-67,9.25,39,1
NETLOG,run03,indoor_dynamic,43,100,922.000,7,125,4/5,14,1291582,-63,9.5,39,1
NETLOG,run03,indoor_dynamic,44,100,922.000,7,125,4/5,14,1292132,-63,10.0,39,1
NETLOG,run03,indoor_dynamic,45,100,922.000,7,125,4/5,14,1292686,-63,9.5,39,1
NETLOG,run03,indoor_dynamic,46,100,922.000,7,125,4/5,14,1293237,-63,9.75,39,1
NETLOG,run03,indoor_dynamic,47,100,922.000,7,125,4/5,14,1293789,-62,9.75,39,1
NETLOG,run03,indoor_dynamic,48,100,922.000,7,125,4/5,14,1294340,-63,9.75,39,1
NETLOG,run03,indoor_dynamic,49,100,922.000,7,125,4/5,14,1294890,-63,9.25,39,1
NETLOG,run03,indoor_dynamic,50,100,922.000,7,125,4/5,14,1295442,-64,9.75,39,1
NETLOG,run03,indoor_dynamic,51,100,922.000,7,125,4/5,14,1295994,-63,9.25,39,1
NETLOG,run03,indoor_dynamic,52,100,922.000,7,125,4/5,14,1296545,-62,9.25,39,1
NETLOG,run03,indoor_dynamic,53,100,922.000,7,125,4/5,14,1297097,-63,9.5,39,1
NETLOG,run03,indoor_dynamic,54,100,922.000,7,125,4/5,14,1297650,-62,9.5,39,1
NETLOG,run03,indoor_dynamic,55,100,922.000,7,125,4/5,14,1298201,-63,9.75,39,1
NETLOG,run03,indoor_dynamic,56,100,922.000,7,125,4/5,14,1298752,-63,9.25,39,1
NETLOG,run03,indoor_dynamic,57,100,922.000,7,125,4/5,14,1299304,-63,9.25,39,1
NETLOG,run03,indoor_dynamic,58,100,922.000,7,125,4/5,14,1299855,-63,9.5,39,1
NETLOG,run03,indoor_dynamic,59,100,922.000,7,125,4/5,14,1300407,-63,9.5,39,1
NETLOG,run03,indoor_dynamic,60,100,922.000,7,125,4/5,14,1300958,-63,10.0,39,1
NETLOG,run03,indoor_dynamic,61,100,922.000,7,125,4/5,14,1301509,-62,9.75,39,1
NETLOG,run03,indoor_dynamic,62,100,922.000,7,125,4/5,14,1302060,-63,9.75,39,1
NETLOG,run03,indoor_dynamic,63,100,922.000,7,125,4/5,14,1302612,-63,9.75,39,1
NETLOG,run03,indoor_dynamic,64,100,922.000,7,125,4/5,14,1303165,-62,10.0,39,1
NETLOG,run03,indoor_dynamic,65,100,922.000,7,125,4/5,14,1303716,-63,9.5,39,1
NETLOG,run03,indoor_dynamic,66,100,922.000,7,125,4/5,14,1304268,-63,9.75,39,1
NETLOG,run03,indoor_dynamic,67,100,922.000,7,125,4/5,14,1304819,-63,9.75,39,1
NETLOG,run03,indoor_dynamic,68,100,922.000,7,125,4/5,14,1305371,-63,9.75,39,1
NETLOG,run03,indoor_dynamic,69,100,922.000,7,125,4/5,14,1305922,-63,9.75,39,1
NETLOG,run03,indoor_dynamic,70,100,922.000,7,125,4/5,14,1306473,-63,9.5,39,1
NETLOG,run03,indoor_dynamic,71,100,922.000,7,125,4/5,14,1307025,-63,10.0,39,1
NETLOG,run03,indoor_dynamic,72,100,922.000,7,125,4/5,14,1307577,-63,9.75,39,1
NETLOG,run03,indoor_dynamic,73,100,922.000,7,125,4/5,14,1308129,-63,9.5,39,1
NETLOG,run03,indoor_dynamic,74,100,922.000,7,125,4/5,14,1308680,-62,9.75,39,1
NETLOG,run03,indoor_dynamic,75,100,922.000,7,125,4/5,14,1309232,-62,10.25,39,1
NETLOG,run03,indoor_dynamic,76,100,922.000,7,125,4/5,14,1309783,-63,9.75,39,1
NETLOG,run03,indoor_dynamic,77,100,922.000,7,125,4/5,14,1310334,-63,9.5,39,1
NETLOG,run03,indoor_dynamic,78,100,922.000,7,125,4/5,14,1310885,-62,10.0,39,1
NETLOG,run03,indoor_dynamic,79,100,922.000,7,125,4/5,14,1311437,-63,9.75,39,1
NETLOG,run03,indoor_dynamic,80,100,922.000,7,125,4/5,14,1311988,-62,10.25,39,1
NETLOG,run03,indoor_dynamic,81,100,922.000,7,125,4/5,14,1312541,-63,10.0,39,1
NETLOG,run03,indoor_dynamic,82,100,922.000,7,125,4/5,14,1313092,-63,9.25,39,1
NETLOG,run03,indoor_dynamic,83,100,922.000,7,125,4/5,14,1313643,-63,10.0,39,1
NETLOG,run03,indoor_dynamic,84,100,922.000,7,125,4/5,14,1314195,-62,9.25,39,1
NETLOG,run03,indoor_dynamic,85,100,922.000,7,125,4/5,14,1314746,-63,9.5,39,1
NETLOG,run03,indoor_dynamic,86,100,922.000,7,125,4/5,14,1315297,-63,9.25,39,1
NETLOG,run03,indoor_dynamic,87,100,922.000,7,125,4/5,14,1315849,-62,9.75,39,1
NETLOG,run03,indoor_dynamic,88,100,922.000,7,125,4/5,14,1316401,-63,9.5,39,1
NETLOG,run03,indoor_dynamic,89,100,922.000,7,125,4/5,14,1316952,-63,9.75,39,1
NETLOG,run03,indoor_dynamic,90,100,922.000,7,125,4/5,14,1317505,-63,9.5,39,1
NETLOG,run03,indoor_dynamic,91,100,922.000,7,125,4/5,14,1318056,-63,9.75,39,1
NETLOG,run03,indoor_dynamic,92,100,922.000,7,125,4/5,14,1318608,-63,9.25,39,1
NETLOG,run03,indoor_dynamic,93,100,922.000,7,125,4/5,14,1319159,-63,9.5,39,1
NETLOG,run03,indoor_dynamic,94,100,922.000,7,125,4/5,14,1319710,-63,9.5,39,1
NETLOG,run03,indoor_dynamic,95,100,922.000,7,125,4/5,14,1320261,-63,9.5,39,1
NETLOG,run03,indoor_dynamic,96,100,922.000,7,125,4/5,14,1320812,-63,9.5,39,1
NETLOG,run03,indoor_dynamic,97,100,922.000,7,125,4/5,14,1321364,-62,9.75,39,1
NETLOG,run03,indoor_dynamic,98,100,922.000,7,125,4/5,14,1321915,-63,10.0,39,1
NETLOG,run03,indoor_dynamic,99,100,922.000,7,125,4/5,14,1322468,-63,9.75,39,1
NETLOG,run03,indoor_dynamic,100,100,922.000,7,125,4/5,14,1323019,-63,9.5,40,1
NETLOG,run03,indoor_dynamic,101,100,922.000,7,125,4/5,14,1323571,-63,10.0,40,1
NETLOG,run03,indoor_dynamic,102,100,922.000,7,125,4/5,14,1324122,-62,10.25,40,1
NETLOG,run03,indoor_dynamic,103,100,922.000,7,125,4/5,14,1324678,-63,9.5,40,1
NETLOG,run03,indoor_dynamic,104,100,922.000,7,125,4/5,14,1325230,-63,9.75,40,1
NETLOG,run03,indoor_dynamic,105,100,922.000,7,125,4/5,14,1325781,-63,9.75,40,1
NETLOG,run03,indoor_dynamic,106,100,922.000,7,125,4/5,14,1326333,-63,9.75,40,1
NETLOG,run03,indoor_dynamic,107,100,922.000,7,125,4/5,14,1326883,-63,10.0,40,1
NETLOG,run03,indoor_dynamic,108,100,922.000,7,125,4/5,14,1327436,-63,10.25,40,1
NETLOG,run03,indoor_dynamic,109,100,922.000,7,125,4/5,14,1327993,-62,10.75,40,1
NETLOG,run03,indoor_dynamic,110,100,922.000,7,125,4/5,14,1328549,-63,10.0,40,1
NETLOG,run03,indoor_dynamic,111,100,922.000,7,125,4/5,14,1329100,-63,10.0,40,1
NETLOG,run03,indoor_dynamic,112,100,922.000,7,125,4/5,14,1329652,-63,9.75,40,1
NETLOG,run03,indoor_dynamic,113,100,922.000,7,125,4/5,14,1330205,-63,9.75,40,1
NETLOG,run03,indoor_dynamic,114,100,922.000,7,125,4/5,14,1330756,-63,9.5,40,1
NETLOG,run03,indoor_dynamic,115,100,922.000,7,125,4/5,14,1331308,-62,9.75,40,1
NETLOG,run03,indoor_dynamic,116,100,922.000,7,125,4/5,14,1331859,-62,10.0,40,1
NETLOG,run03,indoor_dynamic,117,100,922.000,7,125,4/5,14,1332411,-63,9.75,40,1
NETLOG,run03,indoor_dynamic,118,100,922.000,7,125,4/5,14,1332962,-62,9.75,40,1
NETLOG,run03,indoor_dynamic,119,100,922.000,7,125,4/5,14,1333513,-63,9.5,40,1
NETLOG,run03,indoor_dynamic,120,100,922.000,7,125,4/5,14,1334064,-62,9.75,40,1
NETLOG,run03,indoor_dynamic,121,100,922.000,7,125,4/5,14,1334615,-63,10.0,40,1
NETLOG,run03,indoor_dynamic,122,100,922.000,7,125,4/5,14,1335170,-63,9.25,40,1
NETLOG,run03,indoor_dynamic,123,100,922.000,7,125,4/5,14,1335721,-62,9.75,40,1
NETLOG,run03,indoor_dynamic,124,100,922.000,7,125,4/5,14,1336272,-63,10.0,40,1
NETLOG,run03,indoor_dynamic,125,100,922.000,7,125,4/5,14,1336824,-63,9.75,40,1
NETLOG,run03,indoor_dynamic,126,100,922.000,7,125,4/5,14,1337375,-63,10.25,40,1
NETLOG,run03,indoor_dynamic,127,100,922.000,7,125,4/5,14,1337932,-63,10.25,40,1
NETLOG,run03,indoor_dynamic,128,100,922.000,7,125,4/5,14,1338489,-63,9.75,40,1
NETLOG,run03,indoor_dynamic,129,100,922.000,7,125,4/5,14,1339040,-63,9.5,40,1
NETLOG,run03,indoor_dynamic,130,100,922.000,7,125,4/5,14,1339591,-62,10.0,40,1
NETLOG,run03,indoor_dynamic,131,100,922.000,7,125,4/5,14,1340144,-63,9.75,40,1
NETLOG,run03,indoor_dynamic,132,100,922.000,7,125,4/5,14,1340695,-62,9.75,40,1
NETLOG,run03,indoor_dynamic,133,100,922.000,7,125,4/5,14,1341246,-63,9.5,40,1
NETLOG,run03,indoor_dynamic,134,100,922.000,7,125,4/5,14,1341799,-63,9.75,40,1
NETLOG,run03,indoor_dynamic,135,100,922.000,7,125,4/5,14,1342350,-63,9.75,40,1
NETLOG,run03,indoor_dynamic,136,100,922.000,7,125,4/5,14,1342902,-63,9.75,40,1
NETLOG,run03,indoor_dynamic,137,100,922.000,7,125,4/5,14,1343453,-63,9.5,40,1
NETLOG,run03,indoor_dynamic,138,100,922.000,7,125,4/5,14,1344005,-63,10.25,40,1
NETLOG,run03,indoor_dynamic,139,100,922.000,7,125,4/5,14,1344561,-63,9.5,40,1
NETLOG,run03,indoor_dynamic,140,100,922.000,7,125,4/5,14,1345112,-62,9.75,40,1
NETLOG,run03,indoor_dynamic,141,100,922.000,7,125,4/5,14,1345664,-63,10.0,40,1
NETLOG,run03,indoor_dynamic,142,100,922.000,7,125,4/5,14,1346215,-63,9.5,40,1
NETLOG,run03,indoor_dynamic,143,100,922.000,7,125,4/5,14,1346766,-63,9.5,40,1
NETLOG,run03,indoor_dynamic,144,100,922.000,7,125,4/5,14,1347317,-63,9.5,40,1
NETLOG,run03,indoor_dynamic,145,100,922.000,7,125,4/5,14,1347869,-63,9.25,40,1
NETLOG,run03,indoor_dynamic,146,100,922.000,7,125,4/5,14,1348421,-63,9.75,40,1
NETLOG,run03,indoor_dynamic,147,100,922.000,7,125,4/5,14,1348973,-63,9.75,40,1
NETLOG,run03,indoor_dynamic,148,100,922.000,7,125,4/5,14,1349524,-63,9.5,40,1
NETLOG,run03,indoor_dynamic,149,100,922.000,7,125,4/5,14,1350076,-63,9.5,40,1
NETLOG,run03,indoor_dynamic,150,100,922.000,7,125,4/5,14,1350627,-63,10.0,40,1
NETLOG,run03,indoor_dynamic,151,100,922.000,7,125,4/5,14,1351178,-63,9.5,40,1
NETLOG,run03,indoor_dynamic,152,100,922.000,7,125,4/5,14,1351729,-63,9.75,40,1
NETLOG,run03,indoor_dynamic,153,100,922.000,7,125,4/5,14,1352281,-63,9.5,40,1
NETLOG,run03,indoor_dynamic,154,100,922.000,7,125,4/5,14,1352832,-62,9.75,40,1
NETLOG,run03,indoor_dynamic,155,100,922.000,7,125,4/5,14,1353383,-63,10.25,40,1
NETLOG,run03,indoor_dynamic,156,100,922.000,7,125,4/5,14,1353940,-63,10.0,40,1
NETLOG,run03,indoor_dynamic,157,100,922.000,7,125,4/5,14,1354492,-62,9.75,40,1
NETLOG,run03,indoor_dynamic,158,100,922.000,7,125,4/5,14,1355043,-63,9.75,40,1
NETLOG,run03,indoor_dynamic,159,100,922.000,7,125,4/5,14,1355594,-63,10.25,40,1
NETLOG,run03,indoor_dynamic,160,100,922.000,7,125,4/5,14,1356151,-62,10.0,40,1
NETLOG,run03,indoor_dynamic,161,100,922.000,7,125,4/5,14,1356702,-63,9.75,40,1
NETLOG,run03,indoor_dynamic,162,100,922.000,7,125,4/5,14,1357253,-63,9.75,40,1
NETLOG,run03,indoor_dynamic,163,100,922.000,7,125,4/5,14,1357807,-63,9.75,40,1
NETLOG,run03,indoor_dynamic,164,100,922.000,7,125,4/5,14,1358358,-63,9.75,40,1
NETLOG,run03,indoor_dynamic,165,100,922.000,7,125,4/5,14,1358909,-63,9.75,40,1
NETLOG,run03,indoor_dynamic,166,100,922.000,7,125,4/5,14,1359461,-63,9.75,40,1
NETLOG,run03,indoor_dynamic,167,100,922.000,7,125,4/5,14,1360012,-63,9.75,40,1
NETLOG,run03,indoor_dynamic,168,100,922.000,7,125,4/5,14,1360563,-63,10.0,40,1
NETLOG,run03,indoor_dynamic,169,100,922.000,7,125,4/5,14,1361116,-63,9.5,40,1
NETLOG,run03,indoor_dynamic,170,100,922.000,7,125,4/5,14,1361667,-63,9.25,40,1
NETLOG,run03,indoor_dynamic,171,100,922.000,7,125,4/5,14,1362219,-63,9.75,40,1
NETLOG,run03,indoor_dynamic,172,100,922.000,7,125,4/5,14,1362772,-63,9.75,40,1
NETLOG,run03,indoor_dynamic,173,100,922.000,7,125,4/5,14,1363323,-63,9.75,40,1
NETLOG,run03,indoor_dynamic,174,100,922.000,7,125,4/5,14,1363875,-63,9.75,40,1
NETLOG,run03,indoor_dynamic,175,100,922.000,7,125,4/5,14,1364426,-63,9.75,40,1
NETLOG,run03,indoor_dynamic,176,100,922.000,7,125,4/5,14,1364977,-62,10.25,40,1
NETLOG,run03,indoor_dynamic,177,100,922.000,7,125,4/5,14,1365534,-63,9.5,40,1
NETLOG,run03,indoor_dynamic,178,100,922.000,7,125,4/5,14,1366085,-63,9.75,40,1
NETLOG,run03,indoor_dynamic,179,100,922.000,7,125,4/5,14,1366636,-63,10.25,40,1
NETLOG,run03,indoor_dynamic,180,100,922.000,7,125,4/5,14,1367192,-62,9.75,40,1
NETLOG,run03,indoor_dynamic,181,100,922.000,7,125,4/5,14,1367747,-63,9.5,40,1
NETLOG,run03,indoor_dynamic,182,100,922.000,7,125,4/5,14,1368298,-63,10.25,40,1
NETLOG,run03,indoor_dynamic,183,100,922.000,7,125,4/5,14,1368855,-63,10.25,40,1
NETLOG,run03,indoor_dynamic,184,100,922.000,7,125,4/5,14,1369412,-62,9.75,40,1
NETLOG,run03,indoor_dynamic,185,100,922.000,7,125,4/5,14,1369963,-63,9.75,40,1
NETLOG,run03,indoor_dynamic,186,100,922.000,7,125,4/5,14,1370516,-63,9.5,40,1
NETLOG,run03,indoor_dynamic,187,100,922.000,7,125,4/5,14,1371068,-62,9.75,40,1
NETLOG,run03,indoor_dynamic,188,100,922.000,7,125,4/5,14,1371619,-63,9.5,40,1
NETLOG,run03,indoor_dynamic,189,100,922.000,7,125,4/5,14,1372170,-63,9.25,40,1
NETLOG,run03,indoor_dynamic,190,100,922.000,7,125,4/5,14,1372722,-63,10.0,40,1
NETLOG,run03,indoor_dynamic,191,100,922.000,7,125,4/5,14,1373273,-63,9.75,40,1
NETLOG,run03,indoor_dynamic,192,100,922.000,7,125,4/5,14,1373824,-63,9.5,40,1
NETLOG,run03,indoor_dynamic,193,100,922.000,7,125,4/5,14,1374377,-63,9.75,40,1
NETLOG,run03,indoor_dynamic,194,100,922.000,7,125,4/5,14,1374928,-62,9.75,40,1
NETLOG,run03,indoor_dynamic,195,100,922.000,7,125,4/5,14,1375481,-63,12.25,40,1
NETLOG,run03,indoor_dynamic,196,100,922.000,7,125,4/5,14,1376038,-62,9.75,40,1
NETLOG,run03,indoor_dynamic,197,100,922.000,7,125,4/5,14,1376589,-63,9.75,40,1
NETLOG,run03,indoor_dynamic,198,100,922.000,7,125,4/5,14,1377141,-63,9.75,40,1
NETLOG,run03,indoor_dynamic,199,100,922.000,7,125,4/5,14,1377692,-63,9.75,40,1
NETLOG,run03,indoor_dynamic,200,100,922.000,7,125,4/5,14,1378243,-63,9.75,40,1
NETLOG,run03,indoor_dynamic,201,100,922.000,7,125,4/5,14,1378795,-63,10.0,40,1
NETLOG,run03,indoor_dynamic,202,100,922.000,7,125,4/5,14,1379346,-62,10.0,40,1
NETLOG,run03,indoor_dynamic,203,100,922.000,7,125,4/5,14,1379897,-63,10.0,40,1
NETLOG,run03,indoor_dynamic,204,100,922.000,7,125,4/5,14,1380450,-63,9.75,40,1
NETLOG,run03,indoor_dynamic,205,100,922.000,7,125,4/5,14,1381003,-63,9.75,40,1
NETLOG,run03,indoor_dynamic,206,100,922.000,7,125,4/5,14,1381555,-63,10.0,40,1
NETLOG,run03,indoor_dynamic,207,100,922.000,7,125,4/5,14,1382106,-62,9.75,40,1
NETLOG,run03,indoor_dynamic,208,100,922.000,7,125,4/5,14,1382657,-63,10.0,40,1
NETLOG,run03,indoor_dynamic,209,100,922.000,7,125,4/5,14,1383209,-63,9.5,40,1
NETLOG,run03,indoor_dynamic,210,100,922.000,7,125,4/5,14,1383760,-63,9.5,40,1
NETLOG,run03,indoor_dynamic,211,100,922.000,7,125,4/5,14,1384312,-62,10.0,40,1
NETLOG,run03,indoor_dynamic,212,100,922.000,7,125,4/5,14,1384863,-63,10.0,40,1
NETLOG,run03,indoor_dynamic,213,100,922.000,7,125,4/5,14,1385416,-63,9.75,40,1
NETLOG,run03,indoor_dynamic,214,100,922.000,7,125,4/5,14,1385967,-62,9.25,40,1
NETLOG,run03,indoor_dynamic,215,100,922.000,7,125,4/5,14,1386520,-62,9.75,40,1
NETLOG,run03,indoor_dynamic,216,100,922.000,7,125,4/5,14,1387071,-62,9.75,40,1
NETLOG,run03,indoor_dynamic,217,100,922.000,7,125,4/5,14,1387622,-63,9.5,40,1
NETLOG,run03,indoor_dynamic,218,100,922.000,7,125,4/5,14,1388174,-63,9.75,40,1
NETLOG,run03,indoor_dynamic,219,100,922.000,7,125,4/5,14,1388725,-62,10.0,40,1
NETLOG,run03,indoor_dynamic,220,100,922.000,7,125,4/5,14,1389277,-62,10.0,40,1
NETLOG,run03,indoor_dynamic,221,100,922.000,7,125,4/5,14,1389828,-63,9.75,40,1
NETLOG,run03,indoor_dynamic,222,100,922.000,7,125,4/5,14,1390381,-63,9.75,40,1
NETLOG,run03,indoor_dynamic,223,100,922.000,7,125,4/5,14,1390933,-63,9.75,40,1
NETLOG,run03,indoor_dynamic,224,100,922.000,7,125,4/5,14,1391484,-63,9.75,40,1
NETLOG,run03,indoor_dynamic,225,100,922.000,7,125,4/5,14,1392035,-63,9.25,40,1
NETLOG,run03,indoor_dynamic,226,100,922.000,7,125,4/5,14,1392587,-63,9.75,40,1
NETLOG,run03,indoor_dynamic,227,100,922.000,7,125,4/5,14,1393138,-62,9.75,40,1
NETLOG,run03,indoor_dynamic,228,100,922.000,7,125,4/5,14,1393691,-63,9.75,40,1
NETLOG,run03,indoor_dynamic,229,100,922.000,7,125,4/5,14,1394242,-62,9.75,40,1
NETLOG,run03,indoor_dynamic,230,100,922.000,7,125,4/5,14,1394793,-63,10.25,40,1
NETLOG,run03,indoor_dynamic,231,100,922.000,7,125,4/5,14,1395351,-63,9.75,40,1
NETLOG,run03,indoor_dynamic,232,100,922.000,7,125,4/5,14,1395902,-62,10.25,40,1
NETLOG,run03,indoor_dynamic,233,100,922.000,7,125,4/5,14,1396458,-63,9.5,40,1
NETLOG,run03,indoor_dynamic,234,100,922.000,7,125,4/5,14,1397010,-63,9.5,40,1
NETLOG,run03,indoor_dynamic,235,100,922.000,7,125,4/5,14,1397561,-63,9.5,40,1
NETLOG,run03,indoor_dynamic,236,100,922.000,7,125,4/5,14,1398112,-62,9.75,40,1
NETLOG,run03,indoor_dynamic,237,100,922.000,7,125,4/5,14,1398663,-62,9.5,40,1
NETLOG,run03,indoor_dynamic,238,100,922.000,7,125,4/5,14,1399214,-63,10.0,40,1
NETLOG,run03,indoor_dynamic,239,100,922.000,7,125,4/5,14,1399766,-63,9.5,40,1
NETLOG,run03,indoor_dynamic,240,100,922.000,7,125,4/5,14,1400317,-62,10.0,40,1
NETLOG,run03,indoor_dynamic,241,100,922.000,7,125,4/5,14,1400868,-63,10.0,40,1
NETLOG,run03,indoor_dynamic,242,100,922.000,7,125,4/5,14,1401420,-63,9.75,40,1
NETLOG,run03,indoor_dynamic,243,100,922.000,7,125,4/5,14,1401971,-62,9.75,40,1
NETLOG,run03,indoor_dynamic,244,100,922.000,7,125,4/5,14,1402523,-62,9.75,40,1
NETLOG,run03,indoor_dynamic,245,100,922.000,7,125,4/5,14,1403076,-63,9.5,40,1
NETLOG,run03,indoor_dynamic,246,100,922.000,7,125,4/5,14,1403627,-62,10.0,40,1
NETLOG,run03,indoor_dynamic,247,100,922.000,7,125,4/5,14,1404179,-63,9.5,40,1
NETLOG,run03,indoor_dynamic,248,100,922.000,7,125,4/5,14,1404730,-63,9.75,40,1
NETLOG,run03,indoor_dynamic,249,100,922.000,7,125,4/5,14,1405281,-63,9.75,40,1
NETLOG,run03,indoor_dynamic,250,100,922.000,7,125,4/5,14,1405832,-62,9.75,40,1
NETLOG,run03,indoor_dynamic,251,100,922.000,7,125,4/5,14,1406385,-62,10.0,40,1
NETLOG,run03,indoor_dynamic,252,100,922.000,7,125,4/5,14,1406937,-63,10.0,40,1
NETLOG,run03,indoor_dynamic,253,100,922.000,7,125,4/5,14,1407488,-63,9.75,40,1
NETLOG,run03,indoor_dynamic,254,100,922.000,7,125,4/5,14,1408039,-63,9.5,40,1
NETLOG,run03,indoor_dynamic,255,100,922.000,7,125,4/5,14,1408591,-63,10.0,40,1
NETLOG,run03,indoor_dynamic,256,100,922.000,7,125,4/5,14,1409142,-63,10.0,40,1
NETLOG,run03,indoor_dynamic,257,100,922.000,7,125,4/5,14,1409694,-63,10.0,40,1
NETLOG,run03,indoor_dynamic,258,100,922.000,7,125,4/5,14,1410245,-63,9.75,40,1
NETLOG,run03,indoor_dynamic,259,100,922.000,7,125,4/5,14,1410798,-63,10.0,40,1
NETLOG,run03,indoor_dynamic,260,100,922.000,7,125,4/5,14,1411349,-62,9.75,40,1
NETLOG,run03,indoor_dynamic,261,100,922.000,7,125,4/5,14,1411901,-63,10.0,40,1
NETLOG,run03,indoor_dynamic,262,100,922.000,7,125,4/5,14,1412453,-63,9.75,40,1
NETLOG,run03,indoor_dynamic,263,100,922.000,7,125,4/5,14,1413004,-63,9.5,40,1
NETLOG,run03,indoor_dynamic,264,100,922.000,7,125,4/5,14,1413555,-63,9.75,40,1
NETLOG,run03,indoor_dynamic,265,100,922.000,7,125,4/5,14,1414107,-62,9.75,40,1
NETLOG,run03,indoor_dynamic,266,100,922.000,7,125,4/5,14,1414658,-63,9.75,40,1
NETLOG,run03,indoor_dynamic,267,100,922.000,7,125,4/5,14,1415210,-62,9.75,40,1
NETLOG,run03,indoor_dynamic,268,100,922.000,7,125,4/5,14,1415761,-63,9.75,40,1
NETLOG,run03,indoor_dynamic,269,100,922.000,7,125,4/5,14,1416312,-63,9.5,40,1
NETLOG,run03,indoor_dynamic,270,100,922.000,7,125,4/5,14,1416863,-63,9.75,40,1
NETLOG,run03,indoor_dynamic,271,100,922.000,7,125,4/5,14,1417414,-63,10.0,40,1
NETLOG,run03,indoor_dynamic,272,100,922.000,7,125,4/5,14,1417966,-63,9.75,40,1
NETLOG,run03,indoor_dynamic,273,100,922.000,7,125,4/5,14,1418519,-62,9.75,40,1
NETLOG,run03,indoor_dynamic,274,100,922.000,7,125,4/5,14,1419072,-63,9.75,40,1
NETLOG,run03,indoor_dynamic,275,100,922.000,7,125,4/5,14,1419623,-63,9.75,40,1
NETLOG,run03,indoor_dynamic,276,100,922.000,7,125,4/5,14,1420174,-63,9.5,40,1
NETLOG,run03,indoor_dynamic,277,100,922.000,7,125,4/5,14,1420726,-63,9.75,40,1
NETLOG,run03,indoor_dynamic,278,100,922.000,7,125,4/5,14,1421277,-63,10.25,40,1
NETLOG,run03,indoor_dynamic,279,100,922.000,7,125,4/5,14,1421834,-63,9.75,40,1
NETLOG,run03,indoor_dynamic,280,100,922.000,7,125,4/5,14,1422385,-63,9.5,40,1
NETLOG,run03,indoor_dynamic,281,100,922.000,7,125,4/5,14,1422937,-62,9.75,40,1
NETLOG,run03,indoor_dynamic,282,100,922.000,7,125,4/5,14,1423488,-62,9.5,40,1
NETLOG,run03,indoor_dynamic,283,100,922.000,7,125,4/5,14,1424039,-63,10.0,40,1
NETLOG,run03,indoor_dynamic,284,100,922.000,7,125,4/5,14,1424591,-62,10.0,40,1
NETLOG,run03,indoor_dynamic,285,100,922.000,7,125,4/5,14,1425142,-63,9.75,40,1
NETLOG,run03,indoor_dynamic,286,100,922.000,7,125,4/5,14,1425695,-62,10.25,40,1
NETLOG,run03,indoor_dynamic,287,100,922.000,7,125,4/5,14,1426252,-63,9.5,40,1
NETLOG,run03,indoor_dynamic,288,100,922.000,7,125,4/5,14,1426804,-63,9.75,40,1
NETLOG,run03,indoor_dynamic,289,100,922.000,7,125,4/5,14,1427355,-63,9.75,40,1
NETLOG,run03,indoor_dynamic,290,100,922.000,7,125,4/5,14,1427907,-62,10.0,40,1
NETLOG,run03,indoor_dynamic,291,100,922.000,7,125,4/5,14,1428458,-63,10.0,40,1
NETLOG,run03,indoor_dynamic,292,100,922.000,7,125,4/5,14,1429012,-63,9.25,40,1
NETLOG,run03,indoor_dynamic,293,100,922.000,7,125,4/5,14,1429563,-62,10.0,40,1
NETLOG,run03,indoor_dynamic,294,100,922.000,7,125,4/5,14,1430114,-63,10.25,40,1
NETLOG,run03,indoor_dynamic,295,100,922.000,7,125,4/5,14,1430670,-63,10.25,40,1
NETLOG,run03,indoor_dynamic,296,100,922.000,7,125,4/5,14,1431226,-63,9.5,40,1
NETLOG,run03,indoor_dynamic,297,100,922.000,7,125,4/5,14,1431777,-63,9.25,40,1
NETLOG,run03,indoor_dynamic,298,100,922.000,7,125,4/5,14,1432330,-63,9.75,40,1
NETLOG,run03,indoor_dynamic,299,100,922.000,7,125,4/5,14,1432881,-62,10.0,40,1
NETLOG,run03,indoor_dynamic,300,100,922.000,7,125,4/5,14,1433433,-63,10.0,40,1
NETLOG,run03,indoor_dynamic,301,100,922.000,7,125,4/5,14,1433984,-63,10.25,40,1
NETLOG,run03,indoor_dynamic,302,100,922.000,7,125,4/5,14,1434541,-63,9.75,40,1
NETLOG,run03,indoor_dynamic,303,100,922.000,7,125,4/5,14,1435092,-63,9.75,40,1
NETLOG,run03,indoor_dynamic,304,100,922.000,7,125,4/5,14,1435644,-63,9.75,40,1
NETLOG,run03,indoor_dynamic,305,100,922.000,7,125,4/5,14,1436195,-63,10.5,40,1
NETLOG,run03,indoor_dynamic,306,100,922.000,7,125,4/5,14,1436747,-63,9.5,40,1
NETLOG,run03,indoor_dynamic,307,100,922.000,7,125,4/5,14,1437298,-63,9.5,40,1
NETLOG,run03,indoor_dynamic,308,100,922.000,7,125,4/5,14,1437850,-64,9.75,40,1
NETLOG,run03,indoor_dynamic,309,100,922.000,7,125,4/5,14,1438401,-62,9.5,40,1
NETLOG,run03,indoor_dynamic,310,100,922.000,7,125,4/5,14,1438952,-55,9.75,40,1
NETLOG,run03,indoor_dynamic,311,100,922.000,7,125,4/5,14,1439505,-57,10.0,40,1
NETLOG,run03,indoor_dynamic,312,100,922.000,7,125,4/5,14,1440057,-57,10.0,40,1
NETLOG,run03,indoor_dynamic,313,100,922.000,7,125,4/5,14,1440608,-57,9.75,40,1
NETLOG,run03,indoor_dynamic,314,100,922.000,7,125,4/5,14,1441160,-57,10.0,40,1
NETLOG,run03,indoor_dynamic,315,100,922.000,7,125,4/5,14,1441711,-56,10.0,40,1
NETLOG,run03,indoor_dynamic,316,100,922.000,7,125,4/5,14,1442262,-66,9.5,40,1
NETLOG,run03,indoor_dynamic,317,100,922.000,7,125,4/5,14,1442814,-67,9.75,40,1
NETLOG,run03,indoor_dynamic,318,100,922.000,7,125,4/5,14,1443365,-68,9.5,40,1
NETLOG,run03,indoor_dynamic,319,100,922.000,7,125,4/5,14,1443916,-65,9.25,40,1
NETLOG,run03,indoor_dynamic,320,100,922.000,7,125,4/5,14,1444469,-64,9.75,40,1
NETLOG,run03,indoor_dynamic,321,100,922.000,7,125,4/5,14,1445022,-64,9.75,40,1
NETLOG,run03,indoor_dynamic,322,100,922.000,7,125,4/5,14,1445573,-64,9.5,40,1
NETLOG,run03,indoor_dynamic,323,100,922.000,7,125,4/5,14,1446125,-63,9.5,40,1
NETLOG,run03,indoor_dynamic,324,100,922.000,7,125,4/5,14,1446676,-72,9.5,40,1
NETLOG,run03,indoor_dynamic,325,100,922.000,7,125,4/5,14,1447229,-61,9.25,40,1
NETLOG,run03,indoor_dynamic,326,100,922.000,7,125,4/5,14,1447780,-75,9.5,40,1
NETLOG,run03,indoor_dynamic,327,100,922.000,7,125,4/5,14,1448332,-65,10.25,40,1
NETLOG,run03,indoor_dynamic,328,100,922.000,7,125,4/5,14,1448888,-64,9.75,40,1
NETLOG,run03,indoor_dynamic,329,100,922.000,7,125,4/5,14,1449439,-62,9.75,40,1
NETLOG,run03,indoor_dynamic,330,100,922.000,7,125,4/5,14,1449990,-61,9.5,40,1
NETLOG,run03,indoor_dynamic,331,100,922.000,7,125,4/5,14,1450542,-62,9.0,40,1
NETLOG,run03,indoor_dynamic,332,100,922.000,7,125,4/5,14,1451092,-71,9.75,40,1
NETLOG,run03,indoor_dynamic,333,100,922.000,7,125,4/5,14,1451645,-73,9.25,40,1
NETLOG,run03,indoor_dynamic,334,100,922.000,7,125,4/5,14,1452196,-78,9.25,40,1
NETLOG,run03,indoor_dynamic,335,100,922.000,7,125,4/5,14,1452748,-65,9.5,40,1
NETLOG,run03,indoor_dynamic,336,100,922.000,7,125,4/5,14,1453299,-64,9.5,40,1
NETLOG,run03,indoor_dynamic,337,100,922.000,7,125,4/5,14,1453851,-64,9.5,40,1
NETLOG,run03,indoor_dynamic,338,100,922.000,7,125,4/5,14,1454402,-65,10.25,40,1
NETLOG,run03,indoor_dynamic,339,100,922.000,7,125,4/5,14,1454960,-70,9.25,40,1
NETLOG,run03,indoor_dynamic,340,100,922.000,7,125,4/5,14,1455511,-64,9.5,40,1
NETLOG,run03,indoor_dynamic,341,100,922.000,7,125,4/5,14,1456062,-64,9.25,40,1
NETLOG,run03,indoor_dynamic,342,100,922.000,7,125,4/5,14,1456614,-63,9.75,40,1
NETLOG,run03,indoor_dynamic,343,100,922.000,7,125,4/5,14,1457166,-64,9.25,40,1
NETLOG,run03,indoor_dynamic,344,100,922.000,7,125,4/5,14,1457717,-65,10.0,40,1
NETLOG,run03,indoor_dynamic,345,100,922.000,7,125,4/5,14,1458269,-66,9.5,40,1
NETLOG,run03,indoor_dynamic,346,100,922.000,7,125,4/5,14,1458820,-68,9.5,40,1
NETLOG,run03,indoor_dynamic,347,100,922.000,7,125,4/5,14,1459372,-66,9.25,40,1
NETLOG,run03,indoor_dynamic,348,100,922.000,7,125,4/5,14,1459923,-64,9.5,40,1
NETLOG,run03,indoor_dynamic,349,100,922.000,7,125,4/5,14,1460474,-65,9.75,40,1
NETLOG,run03,indoor_dynamic,350,100,922.000,7,125,4/5,14,1461026,-64,9.25,40,1
NETLOG,run03,indoor_dynamic,351,100,922.000,7,125,4/5,14,1461577,-63,9.75,40,1
NETLOG,run03,indoor_dynamic,352,100,922.000,7,125,4/5,14,1462129,-63,9.75,40,1
NETLOG,run03,indoor_dynamic,353,100,922.000,7,125,4/5,14,1462680,-62,9.5,40,1
NETLOG,run03,indoor_dynamic,354,100,922.000,7,125,4/5,14,1463231,-62,10.0,40,1
NETLOG,run03,indoor_dynamic,355,100,922.000,7,125,4/5,14,1463782,-63,10.0,40,1
NETLOG,run03,indoor_dynamic,356,100,922.000,7,125,4/5,14,1464335,-63,9.75,40,1
NETLOG,run03,indoor_dynamic,357,100,922.000,7,125,4/5,14,1464886,-63,9.5,40,1
NETLOG,run03,indoor_dynamic,358,100,922.000,7,125,4/5,14,1465438,-73,9.5,40,1
NETLOG,run03,indoor_dynamic,359,100,922.000,7,125,4/5,14,1465989,-64,9.75,40,1
NETLOG,run03,indoor_dynamic,360,100,922.000,7,125,4/5,14,1466541,-64,9.5,40,1
NETLOG,run03,indoor_dynamic,361,100,922.000,7,125,4/5,14,1467092,-68,12.5,40,1
NETLOG,run03,indoor_dynamic,362,100,922.000,7,125,4/5,14,1467644,-63,10.25,40,1
NETLOG,run03,indoor_dynamic,363,100,922.000,7,125,4/5,14,1468200,-61,9.5,40,1
NETLOG,run03,indoor_dynamic,364,100,922.000,7,125,4/5,14,1468751,-67,10.0,40,1
NETLOG,run03,indoor_dynamic,365,100,922.000,7,125,4/5,14,1469302,-65,9.75,40,1
NETLOG,run03,indoor_dynamic,366,100,922.000,7,125,4/5,14,1469854,-61,9.5,40,1
NETLOG,run03,indoor_dynamic,367,100,922.000,7,125,4/5,14,1470405,-59,9.5,40,1
NETLOG,run03,indoor_dynamic,368,100,922.000,7,125,4/5,14,1470958,-62,9.75,40,1
NETLOG,run03,indoor_dynamic,369,100,922.000,7,125,4/5,14,1471509,-71,9.5,40,1
NETLOG,run03,indoor_dynamic,370,100,922.000,7,125,4/5,14,1472060,-67,9.75,40,1
NETLOG,run03,indoor_dynamic,371,100,922.000,7,125,4/5,14,1472611,-63,9.75,40,1
NETLOG,run03,indoor_dynamic,372,100,922.000,7,125,4/5,14,1473163,-62,9.75,40,1
NETLOG,run03,indoor_dynamic,373,100,922.000,7,125,4/5,14,1473714,-62,9.75,40,1
NETLOG,run03,indoor_dynamic,374,100,922.000,7,125,4/5,14,1474266,-72,9.25,40,1
NETLOG,run03,indoor_dynamic,375,100,922.000,7,125,4/5,14,1474817,-71,9.5,40,1
NETLOG,run03,indoor_dynamic,376,100,922.000,7,125,4/5,14,1475368,-68,9.75,40,1
NETLOG,run03,indoor_dynamic,377,100,922.000,7,125,4/5,14,1475919,-65,9.5,40,1
NETLOG,run03,indoor_dynamic,378,100,922.000,7,125,4/5,14,1476471,-68,9.75,40,1
NETLOG,run03,indoor_dynamic,379,100,922.000,7,125,4/5,14,1477023,-70,9.25,40,1
NETLOG,run03,indoor_dynamic,380,100,922.000,7,125,4/5,14,1477575,-64,9.5,40,1
NETLOG,run03,indoor_dynamic,381,100,922.000,7,125,4/5,14,1478126,-62,9.5,40,1
NETLOG,run03,indoor_dynamic,382,100,922.000,7,125,4/5,14,1478677,-66,9.5,40,1
NETLOG,run03,indoor_dynamic,383,100,922.000,7,125,4/5,14,1479229,-62,9.5,40,1
NETLOG,run03,indoor_dynamic,384,100,922.000,7,125,4/5,14,1479781,-63,9.5,40,1
NETLOG,run03,indoor_dynamic,385,100,922.000,7,125,4/5,14,1480333,-62,9.75,40,1
NETLOG,run03,indoor_dynamic,386,100,922.000,7,125,4/5,14,1480884,-76,9.25,40,1
NETLOG,run03,indoor_dynamic,387,100,922.000,7,125,4/5,14,1481436,-67,10.25,40,1
NETLOG,run03,indoor_dynamic,388,100,922.000,7,125,4/5,14,1481992,-65,9.75,40,1
NETLOG,run03,indoor_dynamic,389,100,922.000,7,125,4/5,14,1482543,-64,9.75,40,1
NETLOG,run03,indoor_dynamic,390,100,922.000,7,125,4/5,14,1483094,-66,9.75,40,1
NETLOG,run03,indoor_dynamic,391,100,922.000,7,125,4/5,14,1483647,-59,9.75,40,1
NETLOG,run03,indoor_dynamic,392,100,922.000,7,125,4/5,14,1484198,-63,10.0,40,1
NETLOG,run03,indoor_dynamic,393,100,922.000,7,125,4/5,14,1484750,-66,9.25,40,1
NETLOG,run03,indoor_dynamic,394,100,922.000,7,125,4/5,14,1485301,-66,9.75,40,1
NETLOG,run03,indoor_dynamic,395,100,922.000,7,125,4/5,14,1485853,-74,9.5,40,1
NETLOG,run03,indoor_dynamic,396,100,922.000,7,125,4/5,14,1486404,-84,7.0,40,1
NETLOG,run03,indoor_dynamic,397,100,922.000,7,125,4/5,14,1486955,-72,9.25,40,1
NETLOG,run03,indoor_dynamic,398,100,922.000,7,125,4/5,14,1487507,-67,9.5,40,1
NETLOG,run03,indoor_dynamic,399,100,922.000,7,125,4/5,14,1488058,-64,9.0,40,1
NETLOG,run03,indoor_dynamic,400,100,922.000,7,125,4/5,14,1488609,-67,9.75,40,1
NETLOG,run03,indoor_dynamic,401,100,922.000,7,125,4/5,14,1489160,-73,9.5,40,1
NETLOG,run03,indoor_dynamic,402,100,922.000,7,125,4/5,14,1489713,-78,9.25,40,1
NETLOG,run03,indoor_dynamic,403,100,922.000,7,125,4/5,14,1490264,-71,9.5,40,1
NETLOG,run03,indoor_dynamic,404,100,922.000,7,125,4/5,14,1490816,-69,9.5,40,1
NETLOG,run03,indoor_dynamic,405,100,922.000,7,125,4/5,14,1491367,-69,9.25,40,1
NETLOG,run03,indoor_dynamic,406,100,922.000,7,125,4/5,14,1491919,-70,9.0,40,1
NETLOG,run03,indoor_dynamic,407,100,922.000,7,125,4/5,14,1492470,-70,9.5,40,1
NETLOG,run03,indoor_dynamic,408,100,922.000,7,125,4/5,14,1493021,-69,9.5,40,1
NETLOG,run03,indoor_dynamic,409,100,922.000,7,125,4/5,14,1493572,-75,9.5,40,1
NETLOG,run03,indoor_dynamic,410,100,922.000,7,125,4/5,14,1494123,-64,9.5,40,1
NETLOG,run03,indoor_dynamic,411,100,922.000,7,125,4/5,14,1494676,-63,9.75,40,1
NETLOG,run03,indoor_dynamic,412,100,922.000,7,125,4/5,14,1495227,-59,9.25,40,1
NETLOG,run03,indoor_dynamic,413,100,922.000,7,125,4/5,14,1495778,-62,10.0,40,1
NETLOG,run03,indoor_dynamic,414,100,922.000,7,125,4/5,14,1496331,-75,9.5,40,1
NETLOG,run03,indoor_dynamic,415,100,922.000,7,125,4/5,14,1496882,-66,10.25,40,1
NETLOG,run03,indoor_dynamic,416,100,922.000,7,125,4/5,14,1497438,-70,9.25,40,1
NETLOG,run03,indoor_dynamic,417,100,922.000,7,125,4/5,14,1497990,-65,9.5,40,1
NETLOG,run03,indoor_dynamic,418,100,922.000,7,125,4/5,14,1498541,-81,8.5,40,1
NETLOG,run03,indoor_dynamic,419,100,922.000,7,125,4/5,14,1499093,-61,9.5,40,1
NETLOG,run03,indoor_dynamic,420,100,922.000,7,125,4/5,14,1499644,-75,9.0,40,1
NETLOG,run03,indoor_dynamic,421,100,922.000,7,125,4/5,14,1500195,-62,9.5,40,1
NETLOG,run03,indoor_dynamic,422,100,922.000,7,125,4/5,14,1500747,-64,9.0,40,1
NETLOG,run03,indoor_dynamic,423,100,922.000,7,125,4/5,14,1501298,-71,9.5,40,1
NETLOG,run03,indoor_dynamic,424,100,922.000,7,125,4/5,14,1501850,-64,9.5,40,1
NETLOG,run03,indoor_dynamic,425,100,922.000,7,125,4/5,14,1502402,-63,9.5,40,1
NETLOG,run03,indoor_dynamic,426,100,922.000,7,125,4/5,14,1502953,-63,9.75,40,1
NETLOG,run03,indoor_dynamic,427,100,922.000,7,125,4/5,14,1503505,-62,9.75,40,1
NETLOG,run03,indoor_dynamic,428,100,922.000,7,125,4/5,14,1504056,-61,9.5,40,1
NETLOG,run03,indoor_dynamic,429,100,922.000,7,125,4/5,14,1504608,-60,9.5,40,1
NETLOG,run03,indoor_dynamic,430,100,922.000,7,125,4/5,14,1505159,-63,9.5,40,1
NETLOG,run03,indoor_dynamic,431,100,922.000,7,125,4/5,14,1505711,-60,9.75,40,1
NETLOG,run03,indoor_dynamic,432,100,922.000,7,125,4/5,14,1506262,-66,9.75,40,1
NETLOG,run03,indoor_dynamic,433,100,922.000,7,125,4/5,14,1506813,-65,9.5,40,1
NETLOG,run03,indoor_dynamic,434,100,922.000,7,125,4/5,14,1507365,-70,9.5,40,1
NETLOG,run03,indoor_dynamic,435,100,922.000,7,125,4/5,14,1507916,-61,9.5,40,1
NETLOG,run03,indoor_dynamic,436,100,922.000,7,125,4/5,14,1508467,-64,9.5,40,1
NETLOG,run03,indoor_dynamic,437,100,922.000,7,125,4/5,14,1509020,-68,9.75,40,1
NETLOG,run03,indoor_dynamic,438,100,922.000,7,125,4/5,14,1509573,-63,9.5,40,1
NETLOG,run03,indoor_dynamic,439,100,922.000,7,125,4/5,14,1510124,-65,9.75,40,1
NETLOG,run03,indoor_dynamic,440,100,922.000,7,125,4/5,14,1510676,-65,9.75,40,1
NETLOG,run03,indoor_dynamic,441,100,922.000,7,125,4/5,14,1511227,-64,9.5,40,1
NETLOG,run03,indoor_dynamic,442,100,922.000,7,125,4/5,14,1511778,-65,9.75,40,1
NETLOG,run03,indoor_dynamic,443,100,922.000,7,125,4/5,14,1512330,-61,10.0,40,1
NETLOG,run03,indoor_dynamic,444,100,922.000,7,125,4/5,14,1512881,-72,9.25,40,1
NETLOG,run03,indoor_dynamic,445,100,922.000,7,125,4/5,14,1513432,-70,9.0,40,1
NETLOG,run03,indoor_dynamic,446,100,922.000,7,125,4/5,14,1513984,-69,9.5,40,1
NETLOG,run03,indoor_dynamic,447,100,922.000,7,125,4/5,14,1514538,-71,11.75,40,1
NETLOG,run03,indoor_dynamic,448,100,922.000,7,125,4/5,14,1515094,-75,9.5,40,1
NETLOG,run03,indoor_dynamic,449,100,922.000,7,125,4/5,14,1515645,-73,9.75,40,1
NETLOG,run03,indoor_dynamic,450,100,922.000,7,125,4/5,14,1516197,-74,10.0,40,1
NETLOG,run03,indoor_dynamic,451,100,922.000,7,125,4/5,14,1516748,-73,9.5,40,1
NETLOG,run03,indoor_dynamic,452,100,922.000,7,125,4/5,14,1517300,-73,10.0,40,1
NETLOG,run03,indoor_dynamic,453,100,922.000,7,125,4/5,14,1517851,-69,9.5,40,1
NETLOG,run03,indoor_dynamic,454,100,922.000,7,125,4/5,14,1518402,-63,10.25,40,1
NETLOG,run03,indoor_dynamic,455,100,922.000,7,125,4/5,14,1518959,-65,9.5,40,1
NETLOG,run03,indoor_dynamic,456,100,922.000,7,125,4/5,14,1519510,-71,9.75,40,1
NETLOG,run03,indoor_dynamic,457,100,922.000,7,125,4/5,14,1520062,-62,9.75,40,1
NETLOG,run03,indoor_dynamic,458,100,922.000,7,125,4/5,14,1520613,-63,10.25,40,1
NETLOG,run03,indoor_dynamic,459,100,922.000,7,125,4/5,14,1521171,-62,10.0,40,1
NETLOG,run03,indoor_dynamic,460,100,922.000,7,125,4/5,14,1521722,-61,9.5,40,1
NETLOG,run03,indoor_dynamic,461,100,922.000,7,125,4/5,14,1522275,-61,9.5,40,1
NETLOG,run03,indoor_dynamic,462,100,922.000,7,125,4/5,14,1522827,-61,9.5,40,1
NETLOG,run03,indoor_dynamic,463,100,922.000,7,125,4/5,14,1523378,-67,9.5,40,1
NETLOG,run03,indoor_dynamic,464,100,922.000,7,125,4/5,14,1523929,-64,9.75,40,1
NETLOG,run03,indoor_dynamic,465,100,922.000,7,125,4/5,14,1524481,-70,10.0,40,1
NETLOG,run03,indoor_dynamic,466,100,922.000,7,125,4/5,14,1525032,-65,9.5,40,1
NETLOG,run03,indoor_dynamic,467,100,922.000,7,125,4/5,14,1525584,-68,9.5,40,1
NETLOG,run03,indoor_dynamic,468,100,922.000,7,125,4/5,14,1526135,-64,9.5,40,1
NETLOG,run03,indoor_dynamic,469,100,922.000,7,125,4/5,14,1526686,-64,9.25,40,1
NETLOG,run03,indoor_dynamic,470,100,922.000,7,125,4/5,14,1527239,-65,9.5,40,1
NETLOG,run03,indoor_dynamic,471,100,922.000,7,125,4/5,14,1527790,-64,9.75,40,1
NETLOG,run03,indoor_dynamic,472,100,922.000,7,125,4/5,14,1528343,-64,9.5,40,1
NETLOG,run03,indoor_dynamic,473,100,922.000,7,125,4/5,14,1528895,-71,9.25,40,1
NETLOG,run03,indoor_dynamic,474,100,922.000,7,125,4/5,14,1529446,-69,9.5,40,1
NETLOG,run03,indoor_dynamic,475,100,922.000,7,125,4/5,14,1529997,-66,9.75,40,1
NETLOG,run03,indoor_dynamic,476,100,922.000,7,125,4/5,14,1530549,-68,9.5,40,1
NETLOG,run03,indoor_dynamic,477,100,922.000,7,125,4/5,14,1531100,-65,9.5,40,1
NETLOG,run03,indoor_dynamic,478,100,922.000,7,125,4/5,14,1531652,-64,9.75,40,1
NETLOG,run03,indoor_dynamic,479,100,922.000,7,125,4/5,14,1532205,-64,9.75,40,1
NETLOG,run03,indoor_dynamic,480,100,922.000,7,125,4/5,14,1532756,-65,9.5,40,1
NETLOG,run03,indoor_dynamic,481,100,922.000,7,125,4/5,14,1533307,-66,10.0,40,1
NETLOG,run03,indoor_dynamic,482,100,922.000,7,125,4/5,14,1533859,-68,9.25,40,1
NETLOG,run03,indoor_dynamic,483,100,922.000,7,125,4/5,14,1534410,-70,9.5,40,1
NETLOG,run03,indoor_dynamic,484,100,922.000,7,125,4/5,14,1534962,-69,9.25,40,1
NETLOG,run03,indoor_dynamic,485,100,922.000,7,125,4/5,14,1535513,-60,9.75,40,1
NETLOG,run03,indoor_dynamic,486,100,922.000,7,125,4/5,14,1536065,-60,9.5,40,1
NETLOG,run03,indoor_dynamic,487,100,922.000,7,125,4/5,14,1536616,-58,9.75,40,1
NETLOG,run03,indoor_dynamic,488,100,922.000,7,125,4/5,14,1537169,-57,9.25,40,1
NETLOG,run03,indoor_dynamic,489,100,922.000,7,125,4/5,14,1537721,-59,9.5,40,1
NETLOG,run03,indoor_dynamic,490,100,922.000,7,125,4/5,14,1538272,-57,10.0,40,1
NETLOG,run03,indoor_dynamic,491,100,922.000,7,125,4/5,14,1538823,-58,9.5,40,1
NETLOG,run03,indoor_dynamic,492,100,922.000,7,125,4/5,14,1539374,-58,10.25,40,1
NETLOG,run03,indoor_dynamic,493,100,922.000,7,125,4/5,14,1539930,-57,10.75,40,1
NETLOG,run03,indoor_dynamic,494,100,922.000,7,125,4/5,14,1540487,-60,9.75,40,1
NETLOG,run03,indoor_dynamic,495,100,922.000,7,125,4/5,14,1541039,-61,9.75,40,1
NETLOG,run03,indoor_dynamic,496,100,922.000,7,125,4/5,14,1541590,-71,9.25,40,1
NETLOG,run03,indoor_dynamic,497,100,922.000,7,125,4/5,14,1542141,-60,10.0,40,1
NETLOG,run03,indoor_dynamic,498,100,922.000,7,125,4/5,14,1542693,-64,9.5,40,1
NETLOG,run03,indoor_dynamic,499,100,922.000,7,125,4/5,14,1543244,-63,9.75,40,1
NETLOG,run03,indoor_dynamic,500,100,922.000,7,125,4/5,14,1543796,-67,9.5,40,1
NETLOG,run03,indoor_dynamic,501,100,922.000,7,125,4/5,14,1544347,-60,10.0,40,1
NETLOG,run03,indoor_dynamic,502,100,922.000,7,125,4/5,14,1544898,-68,9.5,40,1
NETLOG,run03,indoor_dynamic,503,100,922.000,7,125,4/5,14,1545450,-65,9.5,40,1
NETLOG,run03,indoor_dynamic,504,100,922.000,7,125,4/5,14,1546001,-65,9.5,40,1
NETLOG,run03,indoor_dynamic,505,100,922.000,7,125,4/5,14,1546552,-64,9.25,40,1
NETLOG,run03,indoor_dynamic,506,100,922.000,7,125,4/5,14,1547105,-65,9.25,40,1
NETLOG,run03,indoor_dynamic,507,100,922.000,7,125,4/5,14,1547657,-64,9.25,40,1
NETLOG,run03,indoor_dynamic,508,100,922.000,7,125,4/5,14,1548209,-64,9.25,40,1
NETLOG,run03,indoor_dynamic,509,100,922.000,7,125,4/5,14,1548760,-64,9.25,40,1
NETLOG,run03,indoor_dynamic,510,100,922.000,7,125,4/5,14,1549312,-64,9.25,40,1
NETLOG,run03,indoor_dynamic,511,100,922.000,7,125,4/5,14,1549863,-64,9.25,40,1
NETLOG,run03,indoor_dynamic,512,100,922.000,7,125,4/5,14,1550414,-63,10.0,40,1
NETLOG,run03,indoor_dynamic,513,100,922.000,7,125,4/5,14,1550966,-65,9.75,40,1
NETLOG,run03,indoor_dynamic,514,100,922.000,7,125,4/5,14,1551517,-65,9.25,40,1
NETLOG,run03,indoor_dynamic,515,100,922.000,7,125,4/5,14,1552070,-65,9.5,40,1
NETLOG,run03,indoor_dynamic,516,100,922.000,7,125,4/5,14,1552621,-64,9.5,40,1
NETLOG,run03,indoor_dynamic,517,100,922.000,7,125,4/5,14,1553174,-64,10.0,40,1
NETLOG,run03,indoor_dynamic,518,100,922.000,7,125,4/5,14,1553725,-67,9.5,40,1
NETLOG,run03,indoor_dynamic,519,100,922.000,7,125,4/5,14,1554276,-62,9.5,40,1
NETLOG,run03,indoor_dynamic,520,100,922.000,7,125,4/5,14,1554828,-63,9.25,40,1
NETLOG,run03,indoor_dynamic,521,100,922.000,7,125,4/5,14,1555379,-64,9.25,40,1
NETLOG,run03,indoor_dynamic,522,100,922.000,7,125,4/5,14,1555930,-66,9.75,40,1
NETLOG,run03,indoor_dynamic,523,100,922.000,7,125,4/5,14,1556482,-65,9.25,40,1
NETLOG,run03,indoor_dynamic,524,100,922.000,7,125,4/5,14,1557035,-69,9.25,40,1
NETLOG,run03,indoor_dynamic,525,100,922.000,7,125,4/5,14,1557587,-66,9.5,40,1
NETLOG,run03,indoor_dynamic,526,100,922.000,7,125,4/5,14,1558138,-60,9.25,40,1
NETLOG,run03,indoor_dynamic,527,100,922.000,7,125,4/5,14,1558689,-57,10.0,40,1
NETLOG,run03,indoor_dynamic,528,100,922.000,7,125,4/5,14,1559240,-57,9.75,40,1
NETLOG,run03,indoor_dynamic,529,100,922.000,7,125,4/5,14,1559791,-60,10.25,40,1
NETLOG,run03,indoor_dynamic,530,100,922.000,7,125,4/5,14,1560349,-67,9.75,40,1
NETLOG,run03,indoor_dynamic,531,100,922.000,7,125,4/5,14,1560900,-64,9.25,40,1
NETLOG,run03,indoor_dynamic,532,100,922.000,7,125,4/5,14,1561452,-63,10.0,40,1
NETLOG,run03,indoor_dynamic,533,100,922.000,7,125,4/5,14,1562003,-64,9.25,40,1
NETLOG,run03,indoor_dynamic,534,100,922.000,7,125,4/5,14,1562555,-64,9.5,40,1
NETLOG,run03,indoor_dynamic,535,100,922.000,7,125,4/5,14,1563106,-64,9.5,40,1
NETLOG,run03,indoor_dynamic,536,100,922.000,7,125,4/5,14,1563657,-64,9.25,40,1
NETLOG,run03,indoor_dynamic,537,100,922.000,7,125,4/5,14,1564208,-63,9.75,40,1
NETLOG,run03,indoor_dynamic,538,100,922.000,7,125,4/5,14,1564759,-63,9.5,40,1
NETLOG,run03,indoor_dynamic,539,100,922.000,7,125,4/5,14,1565311,-63,10.0,40,1
NETLOG,run03,indoor_dynamic,540,100,922.000,7,125,4/5,14,1565863,-63,9.5,40,1
NETLOG,run03,indoor_dynamic,541,100,922.000,7,125,4/5,14,1566414,-63,9.75,40,1
NETLOG,run03,indoor_dynamic,542,100,922.000,7,125,4/5,14,1566966,-64,9.25,40,1
NETLOG,run03,indoor_dynamic,543,100,922.000,7,125,4/5,14,1567518,-64,9.5,40,1
NETLOG,run03,indoor_dynamic,544,100,922.000,7,125,4/5,14,1568069,-66,9.25,40,1
NETLOG,run03,indoor_dynamic,545,100,922.000,7,125,4/5,14,1568621,-58,10.0,40,1
NETLOG,run03,indoor_dynamic,546,100,922.000,7,125,4/5,14,1569172,-57,9.5,40,1
NETLOG,run03,indoor_dynamic,547,100,922.000,7,125,4/5,14,1569723,-62,9.75,40,1
NETLOG,run03,indoor_dynamic,548,100,922.000,7,125,4/5,14,1570275,-61,9.75,40,1
NETLOG,run03,indoor_dynamic,549,100,922.000,7,125,4/5,14,1570826,-61,9.75,40,1
NETLOG,run03,indoor_dynamic,550,100,922.000,7,125,4/5,14,1571377,-63,9.75,40,1
NETLOG,run03,indoor_dynamic,551,100,922.000,7,125,4/5,14,1571930,-62,9.75,40,1
NETLOG,run03,indoor_dynamic,552,100,922.000,7,125,4/5,14,1572481,-61,9.5,40,1
NETLOG,run03,indoor_dynamic,553,100,922.000,7,125,4/5,14,1573034,-62,9.5,40,1
NETLOG,run03,indoor_dynamic,554,100,922.000,7,125,4/5,14,1573585,-62,9.5,40,1
NETLOG,run03,indoor_dynamic,555,100,922.000,7,125,4/5,14,1574137,-63,9.5,40,1
NETLOG,run03,indoor_dynamic,556,100,922.000,7,125,4/5,14,1574688,-63,9.5,40,1
NETLOG,run03,indoor_dynamic,557,100,922.000,7,125,4/5,14,1575240,-61,9.75,40,1
NETLOG,run03,indoor_dynamic,558,100,922.000,7,125,4/5,14,1575791,-62,9.5,40,1
NETLOG,run03,indoor_dynamic,559,100,922.000,7,125,4/5,14,1576342,-66,9.5,40,1
NETLOG,run03,indoor_dynamic,560,100,922.000,7,125,4/5,14,1576896,-67,9.25,40,1
NETLOG,run03,indoor_dynamic,561,100,922.000,7,125,4/5,14,1577447,-61,9.25,40,1
NETLOG,run03,indoor_dynamic,562,100,922.000,7,125,4/5,14,1577998,-61,9.5,40,1
NETLOG,run03,indoor_dynamic,563,100,922.000,7,125,4/5,14,1578551,-61,9.25,40,1
NETLOG,run03,indoor_dynamic,564,100,922.000,7,125,4/5,14,1579102,-66,9.75,40,1
NETLOG,run03,indoor_dynamic,565,100,922.000,7,125,4/5,14,1579653,-67,9.75,40,1
NETLOG,run03,indoor_dynamic,566,100,922.000,7,125,4/5,14,1580205,-69,9.25,40,1
NETLOG,run03,indoor_dynamic,567,100,922.000,7,125,4/5,14,1580756,-75,9.0,40,1
NETLOG,run03,indoor_dynamic,568,100,922.000,7,125,4/5,14,1581308,-60,10.0,40,1
NETLOG,run03,indoor_dynamic,569,100,922.000,7,125,4/5,14,1581860,-66,9.25,40,1
NETLOG,run03,indoor_dynamic,570,100,922.000,7,125,4/5,14,1582412,-77,9.0,40,1
NETLOG,run03,indoor_dynamic,571,100,922.000,7,125,4/5,14,1582963,-65,9.75,40,1
NETLOG,run03,indoor_dynamic,572,100,922.000,7,125,4/5,14,1583514,-87,4.25,40,1
NETLOG,run03,indoor_dynamic,573,100,922.000,7,125,4/5,14,1584066,-73,10.0,40,1
NETLOG,run03,indoor_dynamic,574,100,922.000,7,125,4/5,14,1584617,-82,7.25,40,1
NETLOG,run03,indoor_dynamic,575,100,922.000,7,125,4/5,14,1585168,-69,9.5,40,1
NETLOG,run03,indoor_dynamic,576,100,922.000,7,125,4/5,14,1585721,-66,9.5,40,1
NETLOG,run03,indoor_dynamic,577,100,922.000,7,125,4/5,14,1586272,-67,10.0,40,1
NETLOG,run03,indoor_dynamic,578,100,922.000,7,125,4/5,14,1586826,-59,9.5,40,1
NETLOG,run03,indoor_dynamic,579,100,922.000,7,125,4/5,14,1587377,-60,9.25,40,1
NETLOG,run03,indoor_dynamic,580,100,922.000,7,125,4/5,14,1587928,-61,9.75,40,1
NETLOG,run03,indoor_dynamic,581,100,922.000,7,125,4/5,14,1588480,-63,9.75,40,1
NETLOG,run03,indoor_dynamic,582,100,922.000,7,125,4/5,14,1589031,-64,10.75,40,1
NETLOG,run03,indoor_dynamic,583,100,922.000,7,125,4/5,14,1589588,-67,9.5,40,1
NETLOG,run03,indoor_dynamic,584,100,922.000,7,125,4/5,14,1590139,-66,9.25,40,1
NETLOG,run03,indoor_dynamic,585,100,922.000,7,125,4/5,14,1590690,-63,9.75,40,1
NETLOG,run03,indoor_dynamic,586,100,922.000,7,125,4/5,14,1591242,-62,9.25,40,1
NETLOG,run03,indoor_dynamic,587,100,922.000,7,125,4/5,14,1591793,-61,9.5,40,1
NETLOG,run03,indoor_dynamic,588,100,922.000,7,125,4/5,14,1592346,-61,9.5,40,1
NETLOG,run03,indoor_dynamic,589,100,922.000,7,125,4/5,14,1592897,-66,9.25,40,1
NETLOG,run03,indoor_dynamic,590,100,922.000,7,125,4/5,14,1593448,-61,9.75,40,1
NETLOG,run03,indoor_dynamic,591,100,922.000,7,125,4/5,14,1594000,-61,9.5,40,1
NETLOG,run03,indoor_dynamic,592,100,922.000,7,125,4/5,14,1594551,-60,10.0,40,1
NETLOG,run03,indoor_dynamic,593,100,922.000,7,125,4/5,14,1595103,-61,10.0,40,1
NETLOG,run03,indoor_dynamic,594,100,922.000,7,125,4/5,14,1595654,-63,9.5,40,1
NETLOG,run03,indoor_dynamic,595,100,922.000,7,125,4/5,14,1596205,-65,9.25,40,1
NETLOG,run03,indoor_dynamic,596,100,922.000,7,125,4/5,14,1596758,-65,9.5,40,1
NETLOG,run03,indoor_dynamic,597,100,922.000,7,125,4/5,14,1597309,-68,9.75,40,1
NETLOG,run03,indoor_dynamic,598,100,922.000,7,125,4/5,14,1597862,-71,9.5,40,1
NETLOG,run03,indoor_dynamic,599,100,922.000,7,125,4/5,14,1598413,-71,9.75,40,1
NETLOG,run03,indoor_dynamic,600,100,922.000,7,125,4/5,14,1598964,-72,9.75,40,1
NETLOG,run03,indoor_dynamic,601,100,922.000,7,125,4/5,14,1599516,-71,9.5,40,1
NETLOG,run03,indoor_dynamic,602,100,922.000,7,125,4/5,14,1600067,-72,9.5,40,1
NETLOG,run03,indoor_dynamic,603,100,922.000,7,125,4/5,14,1600619,-73,9.25,40,1
NETLOG,run03,indoor_dynamic,604,100,922.000,7,125,4/5,14,1601170,-72,9.25,40,1
NETLOG,run03,indoor_dynamic,605,100,922.000,7,125,4/5,14,1601723,-73,9.75,40,1
NETLOG,run03,indoor_dynamic,606,100,922.000,7,125,4/5,14,1602275,-73,9.5,40,1
NETLOG,run03,indoor_dynamic,607,100,922.000,7,125,4/5,14,1602826,-74,9.25,40,1
NETLOG,run03,indoor_dynamic,608,100,922.000,7,125,4/5,14,1603377,-64,10.0,40,1
NETLOG,run03,indoor_dynamic,609,100,922.000,7,125,4/5,14,1603928,-64,9.75,40,1
NETLOG,run03,indoor_dynamic,610,100,922.000,7,125,4/5,14,1604479,-68,10.25,40,1
NETLOG,run03,indoor_dynamic,611,100,922.000,7,125,4/5,14,1605037,-70,9.25,40,1
NETLOG,run03,indoor_dynamic,612,100,922.000,7,125,4/5,14,1605589,-71,9.5,40,1
NETLOG,run03,indoor_dynamic,613,100,922.000,7,125,4/5,14,1606140,-70,9.75,40,1
NETLOG,run03,indoor_dynamic,614,100,922.000,7,125,4/5,14,1606691,-71,9.25,40,1
NETLOG,run03,indoor_dynamic,615,100,922.000,7,125,4/5,14,1607243,-71,9.25,40,1
NETLOG,run03,indoor_dynamic,616,100,922.000,7,125,4/5,14,1607794,-71,9.5,40,1
NETLOG,run03,indoor_dynamic,617,100,922.000,7,125,4/5,14,1608346,-71,9.5,40,1
NETLOG,run03,indoor_dynamic,618,100,922.000,7,125,4/5,14,1608897,-70,9.75,40,1
NETLOG,run03,indoor_dynamic,619,100,922.000,7,125,4/5,14,1609448,-71,9.5,40,1
NETLOG,run03,indoor_dynamic,620,100,922.000,7,125,4/5,14,1609999,-71,9.75,40,1
NETLOG,run03,indoor_dynamic,621,100,922.000,7,125,4/5,14,1610552,-71,9.0,40,1
NETLOG,run03,indoor_dynamic,622,100,922.000,7,125,4/5,14,1611103,-70,9.75,40,1
NETLOG,run03,indoor_dynamic,623,100,922.000,7,125,4/5,14,1611655,-70,9.5,40,1
NETLOG,run03,indoor_dynamic,624,100,922.000,7,125,4/5,14,1612206,-69,9.5,40,1
NETLOG,run03,indoor_dynamic,625,100,922.000,7,125,4/5,14,1612757,-70,9.25,40,1
NETLOG,run03,indoor_dynamic,626,100,922.000,7,125,4/5,14,1613309,-70,9.5,40,1
NETLOG,run03,indoor_dynamic,627,100,922.000,7,125,4/5,14,1613860,-70,9.25,40,1
NETLOG,run03,indoor_dynamic,628,100,922.000,7,125,4/5,14,1614412,-71,9.25,40,1
NETLOG,run03,indoor_dynamic,629,100,922.000,7,125,4/5,14,1614963,-71,9.5,40,1
NETLOG,run03,indoor_dynamic,630,100,922.000,7,125,4/5,14,1615514,-70,9.75,40,1
NETLOG,run03,indoor_dynamic,631,100,922.000,7,125,4/5,14,1616066,-71,9.25,40,1
NETLOG,run03,indoor_dynamic,632,100,922.000,7,125,4/5,14,1616619,-70,11.5,40,1
NETLOG,run03,indoor_dynamic,633,100,922.000,7,125,4/5,14,1617170,-70,9.25,40,1
NETLOG,run03,indoor_dynamic,634,100,922.000,7,125,4/5,14,1617723,-71,9.5,40,1
NETLOG,run03,indoor_dynamic,635,100,922.000,7,125,4/5,14,1618274,-71,9.75,40,1
NETLOG,run03,indoor_dynamic,636,100,922.000,7,125,4/5,14,1618826,-70,9.5,40,1
NETLOG,run03,indoor_dynamic,637,100,922.000,7,125,4/5,14,1619377,-70,9.75,40,1
NETLOG,run03,indoor_dynamic,638,100,922.000,7,125,4/5,14,1619928,-70,9.5,40,1
NETLOG,run03,indoor_dynamic,639,100,922.000,7,125,4/5,14,1620480,-71,9.25,40,1
NETLOG,run03,indoor_dynamic,640,100,922.000,7,125,4/5,14,1621031,-70,9.75,40,1
NETLOG,run03,indoor_dynamic,641,100,922.000,7,125,4/5,14,1621584,-69,9.75,40,1
NETLOG,run03,indoor_dynamic,642,100,922.000,7,125,4/5,14,1622136,-70,9.0,40,1
NETLOG,run03,indoor_dynamic,643,100,922.000,7,125,4/5,14,1622687,-69,10.0,40,1
NETLOG,run03,indoor_dynamic,644,100,922.000,7,125,4/5,14,1623239,-71,9.25,40,1
NETLOG,run03,indoor_dynamic,645,100,922.000,7,125,4/5,14,1623791,-71,9.5,40,1
NETLOG,run03,indoor_dynamic,646,100,922.000,7,125,4/5,14,1624342,-70,9.5,40,1
NETLOG,run03,indoor_dynamic,647,100,922.000,7,125,4/5,14,1624893,-69,9.5,40,1
NETLOG,run03,indoor_dynamic,648,100,922.000,7,125,4/5,14,1625445,-70,9.25,40,1
NETLOG,run03,indoor_dynamic,649,100,922.000,7,125,4/5,14,1625996,-70,9.5,40,1
NETLOG,run03,indoor_dynamic,650,100,922.000,7,125,4/5,14,1626549,-70,9.5,40,1
NETLOG,run03,indoor_dynamic,651,100,922.000,7,125,4/5,14,1627100,-70,9.25,40,1
NETLOG,run03,indoor_dynamic,652,100,922.000,7,125,4/5,14,1627652,-70,9.25,40,1
NETLOG,run03,indoor_dynamic,653,100,922.000,7,125,4/5,14,1628203,-70,9.75,40,1
NETLOG,run03,indoor_dynamic,654,100,922.000,7,125,4/5,14,1628754,-63,9.75,40,1
NETLOG,run03,indoor_dynamic,655,100,922.000,7,125,4/5,14,1629306,-66,9.25,40,1
NETLOG,run03,indoor_dynamic,656,100,922.000,7,125,4/5,14,1629857,-67,10.25,40,1
NETLOG,run03,indoor_dynamic,657,100,922.000,7,125,4/5,14,1630415,-68,9.75,40,1
NETLOG,run03,indoor_dynamic,658,100,922.000,7,125,4/5,14,1630966,-70,9.75,40,1
NETLOG,run03,indoor_dynamic,659,100,922.000,7,125,4/5,14,1631518,-72,9.25,40,1
NETLOG,run03,indoor_dynamic,660,100,922.000,7,125,4/5,14,1632069,-71,9.25,40,1
NETLOG,run03,indoor_dynamic,661,100,922.000,7,125,4/5,14,1632620,-71,9.5,40,1
NETLOG,run03,indoor_dynamic,662,100,922.000,7,125,4/5,14,1633172,-72,9.5,40,1
NETLOG,run03,indoor_dynamic,663,100,922.000,7,125,4/5,14,1633723,-72,10.0,40,1
NETLOG,run03,indoor_dynamic,664,100,922.000,7,125,4/5,14,1634275,-71,9.25,40,1
NETLOG,run03,indoor_dynamic,665,100,922.000,7,125,4/5,14,1634826,-71,9.0,40,1
NETLOG,run03,indoor_dynamic,666,100,922.000,7,125,4/5,14,1635377,-73,9.5,40,1
NETLOG,run03,indoor_dynamic,667,100,922.000,7,125,4/5,14,1635929,-73,9.25,40,1
NETLOG,run03,indoor_dynamic,668,100,922.000,7,125,4/5,14,1636481,-71,9.5,40,1
NETLOG,run03,indoor_dynamic,669,100,922.000,7,125,4/5,14,1637034,-71,9.5,40,1
NETLOG,run03,indoor_dynamic,670,100,922.000,7,125,4/5,14,1637585,-70,9.5,40,1
NETLOG,run03,indoor_dynamic,671,100,922.000,7,125,4/5,14,1638137,-71,9.75,40,1
NETLOG,run03,indoor_dynamic,672,100,922.000,7,125,4/5,14,1638688,-71,9.75,40,1
NETLOG,run03,indoor_dynamic,673,100,922.000,7,125,4/5,14,1639239,-71,9.5,40,1
NETLOG,run03,indoor_dynamic,674,100,922.000,7,125,4/5,14,1639791,-71,9.75,40,1
NETLOG,run03,indoor_dynamic,675,100,922.000,7,125,4/5,14,1640342,-71,9.0,40,1
NETLOG,run03,indoor_dynamic,676,100,922.000,7,125,4/5,14,1640894,-71,9.25,40,1
NETLOG,run03,indoor_dynamic,677,100,922.000,7,125,4/5,14,1641446,-72,10.0,40,1
NETLOG,run03,indoor_dynamic,678,100,922.000,7,125,4/5,14,1641997,-71,9.25,40,1
NETLOG,run03,indoor_dynamic,679,100,922.000,7,125,4/5,14,1642549,-72,9.25,40,1
NETLOG,run03,indoor_dynamic,680,100,922.000,7,125,4/5,14,1643101,-72,9.5,40,1
NETLOG,run03,indoor_dynamic,681,100,922.000,7,125,4/5,14,1643652,-71,10.0,40,1
NETLOG,run03,indoor_dynamic,682,100,922.000,7,125,4/5,14,1644204,-70,10.0,40,1
NETLOG,run03,indoor_dynamic,683,100,922.000,7,125,4/5,14,1644755,-71,9.75,40,1
NETLOG,run03,indoor_dynamic,684,100,922.000,7,125,4/5,14,1645307,-70,9.75,40,1
NETLOG,run03,indoor_dynamic,685,100,922.000,7,125,4/5,14,1645858,-71,9.25,40,1
NETLOG,run03,indoor_dynamic,686,100,922.000,7,125,4/5,14,1646412,-71,9.25,40,1
NETLOG,run03,indoor_dynamic,687,100,922.000,7,125,4/5,14,1646963,-70,9.25,40,1
NETLOG,run03,indoor_dynamic,688,100,922.000,7,125,4/5,14,1647514,-71,9.25,40,1
NETLOG,run03,indoor_dynamic,689,100,922.000,7,125,4/5,14,1648065,-70,9.5,40,1
NETLOG,run03,indoor_dynamic,690,100,922.000,7,125,4/5,14,1648617,-71,9.25,40,1
NETLOG,run03,indoor_dynamic,691,100,922.000,7,125,4/5,14,1649168,-71,9.5,40,1
NETLOG,run03,indoor_dynamic,692,100,922.000,7,125,4/5,14,1649721,-71,9.5,40,1
NETLOG,run03,indoor_dynamic,693,100,922.000,7,125,4/5,14,1650272,-72,10.0,40,1
NETLOG,run03,indoor_dynamic,694,100,922.000,7,125,4/5,14,1650823,-71,9.5,40,1
NETLOG,run03,indoor_dynamic,695,100,922.000,7,125,4/5,14,1651377,-71,9.5,40,1
NETLOG,run03,indoor_dynamic,696,100,922.000,7,125,4/5,14,1651928,-71,9.5,40,1
NETLOG,run03,indoor_dynamic,697,100,922.000,7,125,4/5,14,1652479,-71,9.25,40,1
NETLOG,run03,indoor_dynamic,698,100,922.000,7,125,4/5,14,1653031,-70,9.75,40,1
NETLOG,run03,indoor_dynamic,699,100,922.000,7,125,4/5,14,1653582,-71,10.0,40,1
NETLOG,run03,indoor_dynamic,700,100,922.000,7,125,4/5,14,1654133,-71,9.5,40,1
NETLOG,run03,indoor_dynamic,701,100,922.000,7,125,4/5,14,1654684,-71,9.5,40,1
NETLOG,run03,indoor_dynamic,702,100,922.000,7,125,4/5,14,1655237,-70,9.5,40,1
NETLOG,run03,indoor_dynamic,703,100,922.000,7,125,4/5,14,1655788,-71,9.5,40,1
NETLOG,run03,indoor_dynamic,704,100,922.000,7,125,4/5,14,1656341,-71,9.5,40,1
NETLOG,run03,indoor_dynamic,705,100,922.000,7,125,4/5,14,1656893,-71,9.5,40,1
NETLOG,run03,indoor_dynamic,706,100,922.000,7,125,4/5,14,1657444,-71,10.0,40,1
NETLOG,run03,indoor_dynamic,707,100,922.000,7,125,4/5,14,1657995,-70,9.75,40,1
NETLOG,run03,indoor_dynamic,708,100,922.000,7,125,4/5,14,1658547,-70,10.0,40,1
NETLOG,run03,indoor_dynamic,709,100,922.000,7,125,4/5,14,1659098,-71,9.5,40,1
NETLOG,run03,indoor_dynamic,710,100,922.000,7,125,4/5,14,1659650,-71,9.25,40,1
NETLOG,run03,indoor_dynamic,711,100,922.000,7,125,4/5,14,1660201,-71,9.5,40,1
NETLOG,run03,indoor_dynamic,712,100,922.000,7,125,4/5,14,1660752,-71,9.5,40,1
NETLOG,run03,indoor_dynamic,713,100,922.000,7,125,4/5,14,1661305,-70,9.5,40,1
NETLOG,run03,indoor_dynamic,714,100,922.000,7,125,4/5,14,1661857,-71,9.25,40,1
NETLOG,run03,indoor_dynamic,715,100,922.000,7,125,4/5,14,1662409,-70,9.25,40,1
NETLOG,run03,indoor_dynamic,716,100,922.000,7,125,4/5,14,1662961,-71,9.5,40,1
NETLOG,run03,indoor_dynamic,717,100,922.000,7,125,4/5,14,1663512,-70,10.0,40,1
NETLOG,run03,indoor_dynamic,718,100,922.000,7,125,4/5,14,1664064,-70,9.5,40,1
NETLOG,run03,indoor_dynamic,719,100,922.000,7,125,4/5,14,1664615,-71,9.5,40,1
NETLOG,run03,indoor_dynamic,720,100,922.000,7,125,4/5,14,1665166,-70,9.5,40,1
NETLOG,run03,indoor_dynamic,721,100,922.000,7,125,4/5,14,1665718,-71,9.5,40,1
NETLOG,run03,indoor_dynamic,722,100,922.000,7,125,4/5,14,1666271,-70,9.5,40,1
NETLOG,run03,indoor_dynamic,723,100,922.000,7,125,4/5,14,1666822,-71,9.5,40,1
NETLOG,run03,indoor_dynamic,724,100,922.000,7,125,4/5,14,1667374,-71,9.5,40,1
NETLOG,run03,indoor_dynamic,725,100,922.000,7,125,4/5,14,1667926,-70,9.25,40,1
NETLOG,run03,indoor_dynamic,726,100,922.000,7,125,4/5,14,1668477,-71,9.25,40,1
NETLOG,run03,indoor_dynamic,727,100,922.000,7,125,4/5,14,1669029,-70,9.5,40,1
NETLOG,run03,indoor_dynamic,728,100,922.000,7,125,4/5,14,1669580,-71,9.5,40,1
NETLOG,run03,indoor_dynamic,729,100,922.000,7,125,4/5,14,1670132,-71,9.5,40,1
NETLOG,run03,indoor_dynamic,730,100,922.000,7,125,4/5,14,1670683,-71,9.5,40,1
NETLOG,run03,indoor_dynamic,731,100,922.000,7,125,4/5,14,1671236,-71,9.5,40,1
NETLOG,run03,indoor_dynamic,732,100,922.000,7,125,4/5,14,1671788,-71,9.5,40,1
NETLOG,run03,indoor_dynamic,733,100,922.000,7,125,4/5,14,1672339,-71,9.5,40,1
NETLOG,run03,indoor_dynamic,734,100,922.000,7,125,4/5,14,1672890,-71,9.5,40,1
NETLOG,run03,indoor_dynamic,735,100,922.000,7,125,4/5,14,1673441,-71,9.5,40,1
NETLOG,run03,indoor_dynamic,736,100,922.000,7,125,4/5,14,1673992,-70,9.75,40,1
NETLOG,run03,indoor_dynamic,737,100,922.000,7,125,4/5,14,1674544,-71,9.75,40,1
NETLOG,run03,indoor_dynamic,738,100,922.000,7,125,4/5,14,1675096,-70,9.5,40,1
NETLOG,run03,indoor_dynamic,739,100,922.000,7,125,4/5,14,1675648,-71,9.5,40,1
NETLOG,run03,indoor_dynamic,740,100,922.000,7,125,4/5,14,1676201,-67,9.5,40,1
NETLOG,run03,indoor_dynamic,741,100,922.000,7,125,4/5,14,1676752,-68,10.0,40,1
NETLOG,run03,indoor_dynamic,742,100,922.000,7,125,4/5,14,1677304,-68,9.75,40,1
NETLOG,run03,indoor_dynamic,743,100,922.000,7,125,4/5,14,1677855,-58,9.75,40,1
NETLOG,run03,indoor_dynamic,744,100,922.000,7,125,4/5,14,1678407,-59,9.5,40,1
NETLOG,run03,indoor_dynamic,745,100,922.000,7,125,4/5,14,1678958,-58,9.75,40,1
NETLOG,run03,indoor_dynamic,746,100,922.000,7,125,4/5,14,1679509,-60,9.25,40,1
NETLOG,run03,indoor_dynamic,747,100,922.000,7,125,4/5,14,1680060,-67,9.75,40,1
NETLOG,run03,indoor_dynamic,748,100,922.000,7,125,4/5,14,1680613,-63,9.5,40,1
NETLOG,run03,indoor_dynamic,749,100,922.000,7,125,4/5,14,1681166,-61,9.5,40,1
NETLOG,run03,indoor_dynamic,750,100,922.000,7,125,4/5,14,1681717,-61,9.5,40,1
NETLOG,run03,indoor_dynamic,751,100,922.000,7,125,4/5,14,1682269,-59,9.5,40,1
NETLOG,run03,indoor_dynamic,752,100,922.000,7,125,4/5,14,1682820,-63,9.5,40,1
NETLOG,run03,indoor_dynamic,753,100,922.000,7,125,4/5,14,1683372,-68,9.75,40,1
NETLOG,run03,indoor_dynamic,754,100,922.000,7,125,4/5,14,1683923,-64,9.0,40,1
NETLOG,run03,indoor_dynamic,755,100,922.000,7,125,4/5,14,1684474,-65,9.5,40,1
NETLOG,run03,indoor_dynamic,756,100,922.000,7,125,4/5,14,1685026,-70,9.5,40,1
NETLOG,run03,indoor_dynamic,757,100,922.000,7,125,4/5,14,1685577,-70,9.25,40,1
NETLOG,run03,indoor_dynamic,758,100,922.000,7,125,4/5,14,1686130,-67,9.75,40,1
NETLOG,run03,indoor_dynamic,759,100,922.000,7,125,4/5,14,1686681,-68,9.75,40,1
NETLOG,run03,indoor_dynamic,760,100,922.000,7,125,4/5,14,1687232,-64,9.5,40,1
NETLOG,run03,indoor_dynamic,761,100,922.000,7,125,4/5,14,1687785,-65,9.25,40,1
NETLOG,run03,indoor_dynamic,762,100,922.000,7,125,4/5,14,1688336,-68,10.0,40,1
NETLOG,run03,indoor_dynamic,763,100,922.000,7,125,4/5,14,1688887,-65,10.25,40,1
NETLOG,run03,indoor_dynamic,764,100,922.000,7,125,4/5,14,1689443,-66,9.5,40,1
NETLOG,run03,indoor_dynamic,765,100,922.000,7,125,4/5,14,1689995,-64,9.75,40,1
NETLOG,run03,indoor_dynamic,766,100,922.000,7,125,4/5,14,1690546,-62,9.75,40,1
NETLOG,run03,indoor_dynamic,767,100,922.000,7,125,4/5,14,1691098,-62,9.5,40,1
NETLOG,run03,indoor_dynamic,768,100,922.000,7,125,4/5,14,1691649,-62,9.5,40,1
NETLOG,run03,indoor_dynamic,769,100,922.000,7,125,4/5,14,1692200,-62,9.75,40,1
NETLOG,run03,indoor_dynamic,770,100,922.000,7,125,4/5,14,1692752,-63,10.0,40,1
NETLOG,run03,indoor_dynamic,771,100,922.000,7,125,4/5,14,1693304,-63,9.75,40,1
NETLOG,run03,indoor_dynamic,772,100,922.000,7,125,4/5,14,1693855,-63,9.5,40,1
NETLOG,run03,indoor_dynamic,773,100,922.000,7,125,4/5,14,1694407,-62,10.0,40,1
NETLOG,run03,indoor_dynamic,774,100,922.000,7,125,4/5,14,1694958,-63,9.75,40,1
NETLOG,run03,indoor_dynamic,775,100,922.000,7,125,4/5,14,1695510,-63,9.75,40,1
NETLOG,run03,indoor_dynamic,776,100,922.000,7,125,4/5,14,1696062,-62,10.0,40,1
NETLOG,run03,indoor_dynamic,777,100,922.000,7,125,4/5,14,1696614,-62,10.0,40,1
NETLOG,run03,indoor_dynamic,778,100,922.000,7,125,4/5,14,1697165,-63,10.0,40,1
NETLOG,run03,indoor_dynamic,779,100,922.000,7,125,4/5,14,1697717,-62,9.5,40,1
NETLOG,run03,indoor_dynamic,780,100,922.000,7,125,4/5,14,1698268,-63,10.0,40,1
NETLOG,run03,indoor_dynamic,781,100,922.000,7,125,4/5,14,1698819,-63,9.75,40,1
NETLOG,run03,indoor_dynamic,782,100,922.000,7,125,4/5,14,1699370,-63,9.75,40,1
NETLOG,run03,indoor_dynamic,783,100,922.000,7,125,4/5,14,1699922,-63,9.25,40,1
NETLOG,run03,indoor_dynamic,784,100,922.000,7,125,4/5,14,1700474,-63,9.5,40,1
NETLOG,run03,indoor_dynamic,785,100,922.000,7,125,4/5,14,1701028,-63,9.25,40,1
NETLOG,run03,indoor_dynamic,786,100,922.000,7,125,4/5,14,1701579,-63,9.75,40,1
NETLOG,run03,indoor_dynamic,787,100,922.000,7,125,4/5,14,1702130,-62,10.0,40,1
NETLOG,run03,indoor_dynamic,788,100,922.000,7,125,4/5,14,1702682,-62,9.75,40,1
NETLOG,run03,indoor_dynamic,789,100,922.000,7,125,4/5,14,1703233,-62,9.75,40,1
NETLOG,run03,indoor_dynamic,790,100,922.000,7,125,4/5,14,1703785,-62,9.75,40,1
NETLOG,run03,indoor_dynamic,791,100,922.000,7,125,4/5,14,1704336,-62,9.75,40,1
NETLOG,run03,indoor_dynamic,792,100,922.000,7,125,4/5,14,1704887,-62,9.25,40,1
NETLOG,run03,indoor_dynamic,793,100,922.000,7,125,4/5,14,1705439,-62,9.75,40,1
NETLOG,run03,indoor_dynamic,794,100,922.000,7,125,4/5,14,1705992,-62,9.5,40,1
NETLOG,run03,indoor_dynamic,795,100,922.000,7,125,4/5,14,1706544,-62,10.0,40,1
NETLOG,run03,indoor_dynamic,796,100,922.000,7,125,4/5,14,1707095,-62,10.0,40,1
NETLOG,run03,indoor_dynamic,797,100,922.000,7,125,4/5,14,1707646,-62,9.75,40,1
NETLOG,run03,indoor_dynamic,798,100,922.000,7,125,4/5,14,1708198,-62,9.75,40,1
NETLOG,run03,indoor_dynamic,799,100,922.000,7,125,4/5,14,1708749,-62,9.75,40,1
NETLOG,run03,indoor_dynamic,800,100,922.000,7,125,4/5,14,1709301,-62,10.25,40,1
NETLOG,run03,indoor_dynamic,801,100,922.000,7,125,4/5,14,1709857,-62,9.75,40,1
NETLOG,run03,indoor_dynamic,802,100,922.000,7,125,4/5,14,1710409,-62,10.0,40,1
NETLOG,run03,indoor_dynamic,803,100,922.000,7,125,4/5,14,1710960,-62,9.75,40,1
NETLOG,run03,indoor_dynamic,804,100,922.000,7,125,4/5,14,1711511,-62,10.0,40,1
NETLOG,run03,indoor_dynamic,805,100,922.000,7,125,4/5,14,1712062,-62,9.75,40,1
NETLOG,run03,indoor_dynamic,806,100,922.000,7,125,4/5,14,1712614,-62,10.0,40,1
NETLOG,run03,indoor_dynamic,807,100,922.000,7,125,4/5,14,1713166,-62,9.75,40,1
NETLOG,run03,indoor_dynamic,808,100,922.000,7,125,4/5,14,1713718,-63,9.5,40,1
NETLOG,run03,indoor_dynamic,809,100,922.000,7,125,4/5,14,1714269,-63,9.75,40,1
NETLOG,run03,indoor_dynamic,810,100,922.000,7,125,4/5,14,1714821,-63,9.75,40,1
NETLOG,run03,indoor_dynamic,811,100,922.000,7,125,4/5,14,1715372,-63,10.0,40,1
NETLOG,run03,indoor_dynamic,812,100,922.000,7,125,4/5,14,1715924,-63,9.5,40,1
NETLOG,run03,indoor_dynamic,813,100,922.000,7,125,4/5,14,1716475,-63,9.5,40,1
NETLOG,run03,indoor_dynamic,814,100,922.000,7,125,4/5,14,1717027,-63,9.25,40,1
NETLOG,run03,indoor_dynamic,815,100,922.000,7,125,4/5,14,1717578,-63,9.5,40,1
NETLOG,run03,indoor_dynamic,816,100,922.000,7,125,4/5,14,1718129,-64,10.0,40,1
NETLOG,run03,indoor_dynamic,817,100,922.000,7,125,4/5,14,1718681,-63,9.25,40,1
NETLOG,run03,indoor_dynamic,818,100,922.000,7,125,4/5,14,1719232,-63,9.25,40,1
NETLOG,run03,indoor_dynamic,819,100,922.000,7,125,4/5,14,1719785,-63,9.5,40,1
NETLOG,run03,indoor_dynamic,820,100,922.000,7,125,4/5,14,1720336,-64,9.25,40,1
NETLOG,run03,indoor_dynamic,821,100,922.000,7,125,4/5,14,1720889,-63,9.5,40,1
NETLOG,run03,indoor_dynamic,822,100,922.000,7,125,4/5,14,1721440,-63,9.75,40,1
NETLOG,run03,indoor_dynamic,823,100,922.000,7,125,4/5,14,1721992,-64,9.75,40,1
NETLOG,run03,indoor_dynamic,824,100,922.000,7,125,4/5,14,1722543,-63,9.5,40,1
NETLOG,run03,indoor_dynamic,825,100,922.000,7,125,4/5,14,1723094,-63,9.5,40,1
NETLOG,run03,indoor_dynamic,826,100,922.000,7,125,4/5,14,1723646,-63,9.25,40,1
NETLOG,run03,indoor_dynamic,827,100,922.000,7,125,4/5,14,1724197,-63,10.0,40,1
NETLOG,run03,indoor_dynamic,828,100,922.000,7,125,4/5,14,1724748,-63,10.0,40,1
NETLOG,run03,indoor_dynamic,829,100,922.000,7,125,4/5,14,1725299,-63,10.25,40,1
NETLOG,run03,indoor_dynamic,830,100,922.000,7,125,4/5,14,1725857,-63,10.25,40,1
NETLOG,run03,indoor_dynamic,831,100,922.000,7,125,4/5,14,1726413,-63,9.5,40,1
NETLOG,run03,indoor_dynamic,832,100,922.000,7,125,4/5,14,1726965,-63,9.5,40,1
NETLOG,run03,indoor_dynamic,833,100,922.000,7,125,4/5,14,1727516,-62,9.75,40,1
NETLOG,run03,indoor_dynamic,834,100,922.000,7,125,4/5,14,1728068,-63,10.25,40,1
NETLOG,run03,indoor_dynamic,835,100,922.000,7,125,4/5,14,1728625,-62,10.0,40,1
NETLOG,run03,indoor_dynamic,836,100,922.000,7,125,4/5,14,1729177,-63,9.75,40,1
NETLOG,run03,indoor_dynamic,837,100,922.000,7,125,4/5,14,1729728,-63,10.0,40,1
NETLOG,run03,indoor_dynamic,838,100,922.000,7,125,4/5,14,1730280,-63,9.75,40,1
NETLOG,run03,indoor_dynamic,839,100,922.000,7,125,4/5,14,1730831,-62,9.5,40,1
NETLOG,run03,indoor_dynamic,840,100,922.000,7,125,4/5,14,1731382,-62,10.0,40,1
NETLOG,run03,indoor_dynamic,841,100,922.000,7,125,4/5,14,1731935,-62,10.0,40,1
NETLOG,run03,indoor_dynamic,842,100,922.000,7,125,4/5,14,1732486,-62,10.25,40,1
NETLOG,run03,indoor_dynamic,843,100,922.000,7,125,4/5,14,1733042,-62,9.5,40,1
NETLOG,run03,indoor_dynamic,844,100,922.000,7,125,4/5,14,1733595,-62,10.0,40,1
NETLOG,run03,indoor_dynamic,845,100,922.000,7,125,4/5,14,1734147,-62,9.25,40,1
NETLOG,run03,indoor_dynamic,846,100,922.000,7,125,4/5,14,1734698,-62,9.75,40,1
NETLOG,run03,indoor_dynamic,847,100,922.000,7,125,4/5,14,1735250,-62,9.75,40,1
NETLOG,run03,indoor_dynamic,848,100,922.000,7,125,4/5,14,1735801,-62,10.0,40,1
NETLOG,run03,indoor_dynamic,849,100,922.000,7,125,4/5,14,1736353,-62,9.5,40,1
NETLOG,run03,indoor_dynamic,850,100,922.000,7,125,4/5,14,1736904,-62,10.0,40,1
NETLOG,run03,indoor_dynamic,851,100,922.000,7,125,4/5,14,1737455,-62,9.75,40,1
NETLOG,run03,indoor_dynamic,852,100,922.000,7,125,4/5,14,1738006,-62,9.5,40,1
NETLOG,run03,indoor_dynamic,853,100,922.000,7,125,4/5,14,1738559,-62,10.5,40,1
NETLOG,run03,indoor_dynamic,854,100,922.000,7,125,4/5,14,1739112,-62,9.75,40,1
NETLOG,run03,indoor_dynamic,855,100,922.000,7,125,4/5,14,1739663,-62,9.75,40,1
NETLOG,run03,indoor_dynamic,856,100,922.000,7,125,4/5,14,1740215,-62,9.75,40,1
NETLOG,run03,indoor_dynamic,857,100,922.000,7,125,4/5,14,1740766,-62,10.25,40,1
NETLOG,run03,indoor_dynamic,858,100,922.000,7,125,4/5,14,1741323,-62,9.5,40,1
NETLOG,run03,indoor_dynamic,859,100,922.000,7,125,4/5,14,1741874,-61,10.0,40,1
NETLOG,run03,indoor_dynamic,860,100,922.000,7,125,4/5,14,1742426,-61,9.5,40,1
NETLOG,run03,indoor_dynamic,861,100,922.000,7,125,4/5,14,1742977,-62,9.75,40,1
NETLOG,run03,indoor_dynamic,862,100,922.000,7,125,4/5,14,1743528,-62,9.25,40,1
NETLOG,run03,indoor_dynamic,863,100,922.000,7,125,4/5,14,1744080,-61,10.0,40,1
NETLOG,run03,indoor_dynamic,864,100,922.000,7,125,4/5,14,1744631,-62,9.75,40,1
NETLOG,run03,indoor_dynamic,865,100,922.000,7,125,4/5,14,1745182,-62,9.5,40,1
NETLOG,run03,indoor_dynamic,866,100,922.000,7,125,4/5,14,1745735,-62,10.0,40,1
NETLOG,run03,indoor_dynamic,867,100,922.000,7,125,4/5,14,1746286,-63,9.25,40,1
NETLOG,run03,indoor_dynamic,868,100,922.000,7,125,4/5,14,1746838,-62,9.5,40,1
NETLOG,run03,indoor_dynamic,869,100,922.000,7,125,4/5,14,1747389,-62,10.0,40,1
NETLOG,run03,indoor_dynamic,870,100,922.000,7,125,4/5,14,1747941,-63,9.5,40,1
NETLOG,run03,indoor_dynamic,871,100,922.000,7,125,4/5,14,1748492,-62,10.0,40,1
NETLOG,run03,indoor_dynamic,872,100,922.000,7,125,4/5,14,1749044,-62,9.75,40,1
NETLOG,run03,indoor_dynamic,873,100,922.000,7,125,4/5,14,1749595,-62,9.75,40,1
NETLOG,run03,indoor_dynamic,874,100,922.000,7,125,4/5,14,1750146,-63,9.5,40,1
NETLOG,run03,indoor_dynamic,875,100,922.000,7,125,4/5,14,1750697,-63,9.5,40,1
NETLOG,run03,indoor_dynamic,876,100,922.000,7,125,4/5,14,1751250,-62,9.75,40,1
NETLOG,run03,indoor_dynamic,877,100,922.000,7,125,4/5,14,1751801,-62,9.75,40,1
NETLOG,run03,indoor_dynamic,878,100,922.000,7,125,4/5,14,1752352,-63,9.75,40,1
NETLOG,run03,indoor_dynamic,879,100,922.000,7,125,4/5,14,1752904,-61,9.75,40,1
NETLOG,run03,indoor_dynamic,880,100,922.000,7,125,4/5,14,1753457,-62,9.5,40,1
NETLOG,run03,indoor_dynamic,881,100,922.000,7,125,4/5,14,1754008,-62,10.0,40,1
NETLOG,run03,indoor_dynamic,882,100,922.000,7,125,4/5,14,1754559,-62,9.5,40,1
NETLOG,run03,indoor_dynamic,883,100,922.000,7,125,4/5,14,1755111,-62,9.5,40,1
NETLOG,run03,indoor_dynamic,884,100,922.000,7,125,4/5,14,1755662,-62,10.25,40,1
NETLOG,run03,indoor_dynamic,885,100,922.000,7,125,4/5,14,1756218,-62,9.75,40,1
NETLOG,run03,indoor_dynamic,886,100,922.000,7,125,4/5,14,1756769,-61,9.75,40,1
NETLOG,run03,indoor_dynamic,887,100,922.000,7,125,4/5,14,1757320,-61,9.5,40,1
NETLOG,run03,indoor_dynamic,888,100,922.000,7,125,4/5,14,1757871,-61,9.75,40,1
NETLOG,run03,indoor_dynamic,889,100,922.000,7,125,4/5,14,1758424,-62,9.5,40,1
NETLOG,run03,indoor_dynamic,890,100,922.000,7,125,4/5,14,1758975,-62,9.5,40,1
NETLOG,run03,indoor_dynamic,891,100,922.000,7,125,4/5,14,1759527,-62,9.25,40,1
NETLOG,run03,indoor_dynamic,892,100,922.000,7,125,4/5,14,1760078,-62,9.75,40,1
NETLOG,run03,indoor_dynamic,893,100,922.000,7,125,4/5,14,1760630,-62,9.5,40,1
NETLOG,run03,indoor_dynamic,894,100,922.000,7,125,4/5,14,1761181,-62,9.5,40,1
NETLOG,run03,indoor_dynamic,895,100,922.000,7,125,4/5,14,1761732,-61,9.5,40,1
NETLOG,run03,indoor_dynamic,896,100,922.000,7,125,4/5,14,1762284,-61,9.75,40,1
NETLOG,run03,indoor_dynamic,897,100,922.000,7,125,4/5,14,1762835,-61,9.75,40,1
NETLOG,run03,indoor_dynamic,898,100,922.000,7,125,4/5,14,1763388,-61,9.5,40,1
NETLOG,run03,indoor_dynamic,899,100,922.000,7,125,4/5,14,1763940,-61,9.5,40,1
NETLOG,run03,indoor_dynamic,900,100,922.000,7,125,4/5,14,1764491,-61,9.5,40,1
NETLOG,run03,indoor_dynamic,901,100,922.000,7,125,4/5,14,1765043,-60,9.25,40,1
NETLOG,run03,indoor_dynamic,902,100,922.000,7,125,4/5,14,1765594,-62,9.5,40,1
NETLOG,run03,indoor_dynamic,903,100,922.000,7,125,4/5,14,1766146,-61,9.75,40,1
NETLOG,run03,indoor_dynamic,904,100,922.000,7,125,4/5,14,1766697,-62,9.5,40,1
NETLOG,run03,indoor_dynamic,905,100,922.000,7,125,4/5,14,1767248,-61,9.5,40,1
NETLOG,run03,indoor_dynamic,906,100,922.000,7,125,4/5,14,1767800,-61,9.25,40,1
NETLOG,run03,indoor_dynamic,907,100,922.000,7,125,4/5,14,1768353,-61,10.0,40,1
NETLOG,run03,indoor_dynamic,908,100,922.000,7,125,4/5,14,1768904,-61,9.75,40,1
NETLOG,run03,indoor_dynamic,909,100,922.000,7,125,4/5,14,1769456,-62,9.5,40,1
NETLOG,run03,indoor_dynamic,910,100,922.000,7,125,4/5,14,1770007,-61,9.75,40,1
NETLOG,run03,indoor_dynamic,911,100,922.000,7,125,4/5,14,1770558,-61,9.5,40,1
NETLOG,run03,indoor_dynamic,912,100,922.000,7,125,4/5,14,1771111,-61,9.5,40,1
NETLOG,run03,indoor_dynamic,913,100,922.000,7,125,4/5,14,1771662,-61,9.75,40,1
NETLOG,run03,indoor_dynamic,914,100,922.000,7,125,4/5,14,1772214,-62,9.5,40,1
NETLOG,run03,indoor_dynamic,915,100,922.000,7,125,4/5,14,1772765,-61,9.25,40,1
NETLOG,run03,indoor_dynamic,916,100,922.000,7,125,4/5,14,1773318,-61,9.5,40,1
NETLOG,run03,indoor_dynamic,917,100,922.000,7,125,4/5,14,1773870,-61,10.0,40,1
NETLOG,run03,indoor_dynamic,918,100,922.000,7,125,4/5,14,1774421,-61,9.5,40,1
NETLOG,run03,indoor_dynamic,919,100,922.000,7,125,4/5,14,1774972,-61,9.75,40,1
NETLOG,run03,indoor_dynamic,920,100,922.000,7,125,4/5,14,1775524,-61,9.75,40,1
NETLOG,run03,indoor_dynamic,921,100,922.000,7,125,4/5,14,1776075,-61,9.5,40,1
NETLOG,run03,indoor_dynamic,922,100,922.000,7,125,4/5,14,1776628,-61,9.5,40,1
NETLOG,run03,indoor_dynamic,923,100,922.000,7,125,4/5,14,1777179,-61,9.5,40,1
NETLOG,run03,indoor_dynamic,924,100,922.000,7,125,4/5,14,1777730,-61,9.25,40,1
NETLOG,run03,indoor_dynamic,925,100,922.000,7,125,4/5,14,1778283,-61,9.25,40,1
NETLOG,run03,indoor_dynamic,926,100,922.000,7,125,4/5,14,1778835,-61,9.75,40,1
NETLOG,run03,indoor_dynamic,927,100,922.000,7,125,4/5,14,1779386,-61,9.5,40,1
NETLOG,run03,indoor_dynamic,928,100,922.000,7,125,4/5,14,1779938,-61,9.5,40,1
NETLOG,run03,indoor_dynamic,929,100,922.000,7,125,4/5,14,1780489,-60,9.5,40,1
NETLOG,run03,indoor_dynamic,930,100,922.000,7,125,4/5,14,1781041,-60,10.0,40,1
NETLOG,run03,indoor_dynamic,931,100,922.000,7,125,4/5,14,1781592,-66,9.5,40,1
NETLOG,run03,indoor_dynamic,932,100,922.000,7,125,4/5,14,1782143,-74,9.5,40,1
NETLOG,run03,indoor_dynamic,933,100,922.000,7,125,4/5,14,1782694,-75,8.75,40,1
NETLOG,run03,indoor_dynamic,934,100,922.000,7,125,4/5,14,1783247,-74,9.5,40,1
NETLOG,run03,indoor_dynamic,935,100,922.000,7,125,4/5,14,1783800,-70,9.25,40,1
NETLOG,run03,indoor_dynamic,936,100,922.000,7,125,4/5,14,1784352,-65,9.75,40,1
NETLOG,run03,indoor_dynamic,937,100,922.000,7,125,4/5,14,1784903,-69,9.5,40,1
NETLOG,run03,indoor_dynamic,938,100,922.000,7,125,4/5,14,1785454,-76,8.75,40,1
NETLOG,run03,indoor_dynamic,939,100,922.000,7,125,4/5,14,1786006,-68,10.0,40,1
NETLOG,run03,indoor_dynamic,940,100,922.000,7,125,4/5,14,1786557,-65,9.75,40,1
NETLOG,run03,indoor_dynamic,941,100,922.000,7,125,4/5,14,1787109,-63,9.25,40,1
NETLOG,run03,indoor_dynamic,942,100,922.000,7,125,4/5,14,1787660,-64,9.5,40,1
NETLOG,run03,indoor_dynamic,943,100,922.000,7,125,4/5,14,1788212,-65,9.5,40,1
NETLOG,run03,indoor_dynamic,944,100,922.000,7,125,4/5,14,1788764,-64,9.75,40,1
NETLOG,run03,indoor_dynamic,945,100,922.000,7,125,4/5,14,1789316,-65,9.75,40,1
NETLOG,run03,indoor_dynamic,946,100,922.000,7,125,4/5,14,1789868,-65,9.5,40,1
NETLOG,run03,indoor_dynamic,947,100,922.000,7,125,4/5,14,1790419,-66,9.75,40,1
NETLOG,run03,indoor_dynamic,948,100,922.000,7,125,4/5,14,1790970,-66,9.5,40,1
NETLOG,run03,indoor_dynamic,949,100,922.000,7,125,4/5,14,1791522,-66,9.5,40,1
NETLOG,run03,indoor_dynamic,950,100,922.000,7,125,4/5,14,1792073,-66,9.75,40,1
NETLOG,run03,indoor_dynamic,951,100,922.000,7,125,4/5,14,1792624,-66,9.25,40,1
NETLOG,run03,indoor_dynamic,952,100,922.000,7,125,4/5,14,1793178,-66,9.5,40,1
NETLOG,run03,indoor_dynamic,953,100,922.000,7,125,4/5,14,1793729,-66,9.5,40,1
NETLOG,run03,indoor_dynamic,954,100,922.000,7,125,4/5,14,1794280,-67,9.5,40,1
NETLOG,run03,indoor_dynamic,955,100,922.000,7,125,4/5,14,1794832,-66,9.25,40,1
NETLOG,run03,indoor_dynamic,956,100,922.000,7,125,4/5,14,1795383,-66,9.5,40,1
NETLOG,run03,indoor_dynamic,957,100,922.000,7,125,4/5,14,1795934,-67,9.25,40,1
NETLOG,run03,indoor_dynamic,958,100,922.000,7,125,4/5,14,1796487,-67,9.75,40,1
NETLOG,run03,indoor_dynamic,959,100,922.000,7,125,4/5,14,1797038,-67,9.75,40,1
NETLOG,run03,indoor_dynamic,960,100,922.000,7,125,4/5,14,1797589,-67,9.75,40,1
NETLOG,run03,indoor_dynamic,961,100,922.000,7,125,4/5,14,1798142,-67,9.75,40,1
NETLOG,run03,indoor_dynamic,962,100,922.000,7,125,4/5,14,1798694,-67,9.75,40,1
NETLOG,run03,indoor_dynamic,963,100,922.000,7,125,4/5,14,1799245,-67,9.5,40,1
NETLOG,run03,indoor_dynamic,964,100,922.000,7,125,4/5,14,1799797,-67,9.5,40,1
NETLOG,run03,indoor_dynamic,965,100,922.000,7,125,4/5,14,1800347,-67,9.75,40,1
NETLOG,run03,indoor_dynamic,966,100,922.000,7,125,4/5,14,1800899,-67,9.75,40,1
NETLOG,run03,indoor_dynamic,967,100,922.000,7,125,4/5,14,1801450,-67,10.0,40,1
NETLOG,run03,indoor_dynamic,968,100,922.000,7,125,4/5,14,1802002,-67,9.5,40,1
NETLOG,run03,indoor_dynamic,969,100,922.000,7,125,4/5,14,1802554,-68,9.5,40,1
NETLOG,run03,indoor_dynamic,970,100,922.000,7,125,4/5,14,1803107,-69,10.0,40,1
NETLOG,run03,indoor_dynamic,971,100,922.000,7,125,4/5,14,1803658,-69,9.25,40,1
NETLOG,run03,indoor_dynamic,972,100,922.000,7,125,4/5,14,1804209,-64,9.75,40,1
NETLOG,run03,indoor_dynamic,973,100,922.000,7,125,4/5,14,1804760,-69,9.5,40,1
NETLOG,run03,indoor_dynamic,975,100,922.000,7,125,4/5,14,1807654,-57,9.5,40,1
NETLOG,run03,indoor_dynamic,976,100,922.000,7,125,4/5,14,1808205,-59,9.25,40,1
NETLOG,run03,indoor_dynamic,977,100,922.000,7,125,4/5,14,1808756,-66,9.75,40,1
NETLOG,run03,indoor_dynamic,978,100,922.000,7,125,4/5,14,1809308,-64,9.25,40,1
NETLOG,run03,indoor_dynamic,979,100,922.000,7,125,4/5,14,1809859,-63,9.75,40,1
NETLOG,run03,indoor_dynamic,980,100,922.000,7,125,4/5,14,1810410,-63,9.5,40,1
NETLOG,run03,indoor_dynamic,981,100,922.000,7,125,4/5,14,1810961,-68,9.75,40,1
NETLOG,run03,indoor_dynamic,982,100,922.000,7,125,4/5,14,1811514,-63,9.5,40,1
NETLOG,run03,indoor_dynamic,983,100,922.000,7,125,4/5,14,1812067,-65,9.25,40,1
NETLOG,run03,indoor_dynamic,984,100,922.000,7,125,4/5,14,1812618,-64,9.75,40,1
NETLOG,run03,indoor_dynamic,985,100,922.000,7,125,4/5,14,1813170,-67,9.75,40,1
NETLOG,run03,indoor_dynamic,986,100,922.000,7,125,4/5,14,1813721,-63,9.25,40,1
NETLOG,run03,indoor_dynamic,987,100,922.000,7,125,4/5,14,1814272,-64,10.0,40,1
NETLOG,run03,indoor_dynamic,988,100,922.000,7,125,4/5,14,1814824,-65,9.25,40,1
NETLOG,run03,indoor_dynamic,989,100,922.000,7,125,4/5,14,1815375,-64,9.25,40,1
NETLOG,run03,indoor_dynamic,990,100,922.000,7,125,4/5,14,1815926,-65,9.5,40,1
NETLOG,run03,indoor_dynamic,991,100,922.000,7,125,4/5,14,1816479,-64,9.25,40,1
NETLOG,run03,indoor_dynamic,992,100,922.000,7,125,4/5,14,1817030,-64,9.5,40,1
NETLOG,run03,indoor_dynamic,993,100,922.000,7,125,4/5,14,1817582,-65,9.5,40,1
NETLOG,run03,indoor_dynamic,994,100,922.000,7,125,4/5,14,1818134,-65,9.75,40,1
NETLOG,run03,indoor_dynamic,995,100,922.000,7,125,4/5,14,1818685,-65,9.5,40,1
NETLOG,run03,indoor_dynamic,996,100,922.000,7,125,4/5,14,1819236,-65,9.5,40,1
NETLOG,run03,indoor_dynamic,997,100,922.000,7,125,4/5,14,1819788,-63,10.0,40,1
NETLOG,run03,indoor_dynamic,998,100,922.000,7,125,4/5,14,1820339,-64,10.0,40,1
NETLOG,run03,indoor_dynamic,999,100,922.000,7,125,4/5,14,1820891,-66,9.25,40,1

