>>> %Run -c $EDITOR_CONTENT

MPY: soft reboot
NETWORK: paired RSSI probe responder
CONFIG: run_id=run01 env=indoor_static distance_cm=100 freq_mhz=922.0 sf=7 bw=125000 cr=4/5 tx_power=14
NETLOG_HEADER,marker,run_id,env,seq,distance_cm,freq_mhz,sf,bw_khz,cr,tx_power_dbm,t_ms,rssi_network,snr_network,payload_len,ok
NETLOG,run01,indoor_static,2,100,922.000,7,125,4/5,14,26978,-59,10.25,36,1
NETLOG,run01,indoor_static,3,100,922.000,7,125,4/5,14,27519,-60,10.25,36,1
NETLOG,run01,indoor_static,4,100,922.000,7,125,4/5,14,28059,-59,9.5,36,1
NETLOG,run01,indoor_static,5,100,922.000,7,125,4/5,14,28600,-58,9.5,36,1
NETLOG,run01,indoor_static,6,100,922.000,7,125,4/5,14,29134,-59,9.0,36,1
NETLOG,run01,indoor_static,7,100,922.000,7,125,4/5,14,29674,-58,9.25,36,1
NETLOG,run01,indoor_static,8,100,922.000,7,125,4/5,14,30215,-58,9.5,36,1
NETLOG,run01,indoor_static,9,100,922.000,7,125,4/5,14,30755,-58,9.75,36,1
NETLOG,run01,indoor_static,10,100,922.000,7,125,4/5,14,31300,-58,9.5,37,1
NETLOG,run01,indoor_static,11,100,922.000,7,125,4/5,14,31847,-58,9.25,37,1
NETLOG,run01,indoor_static,12,100,922.000,7,125,4/5,14,32392,-58,9.5,37,1
NETLOG,run01,indoor_static,13,100,922.000,7,125,4/5,14,32937,-58,9.5,37,1
NETLOG,run01,indoor_static,14,100,922.000,7,125,4/5,14,33482,-58,7.25,37,1
NETLOG,run01,indoor_static,15,100,922.000,7,125,4/5,14,34028,-58,9.5,37,1
NETLOG,run01,indoor_static,16,100,922.000,7,125,4/5,14,34573,-58,10.0,37,1
NETLOG,run01,indoor_static,17,100,922.000,7,125,4/5,14,35118,-58,9.75,37,1
NETLOG,run01,indoor_static,18,100,922.000,7,125,4/5,14,35664,-58,9.5,37,1
NETLOG,run01,indoor_static,19,100,922.000,7,125,4/5,14,36211,-58,10.0,37,1
NETLOG,run01,indoor_static,20,100,922.000,7,125,4/5,14,36756,-58,10.0,37,1
NETLOG,run01,indoor_static,21,100,922.000,7,125,4/5,14,37301,-58,9.5,37,1
NETLOG,run01,indoor_static,22,100,922.000,7,125,4/5,14,37847,-58,9.5,37,1
NETLOG,run01,indoor_static,23,100,922.000,7,125,4/5,14,38392,-58,9.75,37,1
NETLOG,run01,indoor_static,24,100,922.000,7,125,4/5,14,38937,-58,9.5,37,1
NETLOG,run01,indoor_static,25,100,922.000,7,125,4/5,14,39483,-57,9.5,37,1
NETLOG,run01,indoor_static,26,100,922.000,7,125,4/5,14,40028,-58,9.75,37,1
NETLOG,run01,indoor_static,27,100,922.000,7,125,4/5,14,40575,-58,12.75,37,1
NETLOG,run01,indoor_static,28,100,922.000,7,125,4/5,14,41126,-59,9.25,37,1
NETLOG,run01,indoor_static,29,100,922.000,7,125,4/5,14,41671,-60,9.25,37,1
NETLOG,run01,indoor_static,30,100,922.000,7,125,4/5,14,42216,-59,9.75,37,1
NETLOG,run01,indoor_static,31,100,922.000,7,125,4/5,14,42762,-60,9.25,37,1
NETLOG,run01,indoor_static,32,100,922.000,7,125,4/5,14,43307,-59,9.25,37,1
NETLOG,run01,indoor_static,34,100,922.000,7,125,4/5,14,46196,-59,9.75,37,1
NETLOG,run01,indoor_static,35,100,922.000,7,125,4/5,14,46741,-59,9.25,37,1
NETLOG,run01,indoor_static,36,100,922.000,7,125,4/5,14,47287,-59,9.25,37,1
NETLOG,run01,indoor_static,37,100,922.000,7,125,4/5,14,47832,-59,9.0,37,1
NETLOG,run01,indoor_static,38,100,922.000,7,125,4/5,14,48377,-59,9.25,37,1
NETLOG,run01,indoor_static,39,100,922.000,7,125,4/5,14,48924,-59,9.5,37,1
NETLOG,run01,indoor_static,40,100,922.000,7,125,4/5,14,49470,-59,9.25,37,1
NETLOG,run01,indoor_static,42,100,922.000,7,125,4/5,14,52359,-60,9.0,37,1
NETLOG,run01,indoor_static,43,100,922.000,7,125,4/5,14,52906,-59,9.25,37,1
NETLOG,run01,indoor_static,44,100,922.000,7,125,4/5,14,53451,-59,9.75,37,1
NETLOG,run01,indoor_static,46,100,922.000,7,125,4/5,14,56342,-59,9.25,37,1
NETLOG,run01,indoor_static,47,100,922.000,7,125,4/5,14,56888,-59,9.25,37,1
NETLOG,run01,indoor_static,48,100,922.000,7,125,4/5,14,57434,-59,9.5,37,1
NETLOG,run01,indoor_static,49,100,922.000,7,125,4/5,14,57979,-59,9.25,37,1
NETLOG,run01,indoor_static,50,100,922.000,7,125,4/5,14,58524,-59,9.0,37,1
NETLOG,run01,indoor_static,51,100,922.000,7,125,4/5,14,59069,-59,9.5,37,1
NETLOG,run01,indoor_static,52,100,922.000,7,125,4/5,14,59615,-59,9.5,37,1
NETLOG,run01,indoor_static,53,100,922.000,7,125,4/5,14,60160,-59,9.0,37,1
NETLOG,run01,indoor_static,54,100,922.000,7,125,4/5,14,60706,-59,9.0,37,1
NETLOG,run01,indoor_static,55,100,922.000,7,125,4/5,14,61253,-59,9.25,37,1
NETLOG,run01,indoor_static,56,100,922.000,7,125,4/5,14,61798,-59,9.25,37,1
NETLOG,run01,indoor_static,57,100,922.000,7,125,4/5,14,62343,-59,9.5,37,1
NETLOG,run01,indoor_static,58,100,922.000,7,125,4/5,14,62888,-59,9.25,37,1
NETLOG,run01,indoor_static,59,100,922.000,7,125,4/5,14,63434,-59,9.25,37,1
NETLOG,run01,indoor_static,60,100,922.000,7,125,4/5,14,63979,-59,9.25,37,1
NETLOG,run01,indoor_static,61,100,922.000,7,125,4/5,14,64524,-59,9.25,37,1
NETLOG,run01,indoor_static,62,100,922.000,7,125,4/5,14,65070,-59,9.25,37,1
NETLOG,run01,indoor_static,63,100,922.000,7,125,4/5,14,65617,-59,9.75,37,1
NETLOG,run01,indoor_static,64,100,922.000,7,125,4/5,14,66162,-59,9.0,37,1
NETLOG,run01,indoor_static,65,100,922.000,7,125,4/5,14,66707,-59,9.25,37,1
NETLOG,run01,indoor_static,66,100,922.000,7,125,4/5,14,67253,-61,9.5,37,1
NETLOG,run01,indoor_static,67,100,922.000,7,125,4/5,14,67798,-62,9.5,37,1
NETLOG,run01,indoor_static,68,100,922.000,7,125,4/5,14,68344,-62,9.75,37,1
NETLOG,run01,indoor_static,69,100,922.000,7,125,4/5,14,68889,-61,9.5,37,1
NETLOG,run01,indoor_static,70,100,922.000,7,125,4/5,14,69434,-60,9.5,37,1
NETLOG,run01,indoor_static,71,100,922.000,7,125,4/5,14,69980,-59,9.25,37,1
NETLOG,run01,indoor_static,72,100,922.000,7,125,4/5,14,70525,-59,9.25,37,1
NETLOG,run01,indoor_static,73,100,922.000,7,125,4/5,14,71070,-59,9.5,37,1
NETLOG,run01,indoor_static,74,100,922.000,7,125,4/5,14,71616,-60,9.75,37,1
NETLOG,run01,indoor_static,76,100,922.000,7,125,4/5,14,74498,-59,9.25,37,1
NETLOG,run01,indoor_static,77,100,922.000,7,125,4/5,14,75043,-57,9.75,37,1
NETLOG,run01,indoor_static,78,100,922.000,7,125,4/5,14,75589,-58,9.25,37,1
NETLOG,run01,indoor_static,79,100,922.000,7,125,4/5,14,76134,-59,9.5,37,1
NETLOG,run01,indoor_static,80,100,922.000,7,125,4/5,14,76679,-58,9.25,37,1
NETLOG,run01,indoor_static,81,100,922.000,7,125,4/5,14,77224,-59,9.75,37,1
NETLOG,run01,indoor_static,82,100,922.000,7,125,4/5,14,77770,-58,9.75,37,1
NETLOG,run01,indoor_static,83,100,922.000,7,125,4/5,14,78315,-58,9.5,37,1
NETLOG,run01,indoor_static,84,100,922.000,7,125,4/5,14,78862,-59,9.25,37,1
NETLOG,run01,indoor_static,85,100,922.000,7,125,4/5,14,79407,-59,9.25,37,1
NETLOG,run01,indoor_static,86,100,922.000,7,125,4/5,14,79953,-60,9.5,37,1
NETLOG,run01,indoor_static,87,100,922.000,7,125,4/5,14,80498,-60,9.5,37,1
NETLOG,run01,indoor_static,88,100,922.000,7,125,4/5,14,81043,-59,9.75,37,1
NETLOG,run01,indoor_static,89,100,922.000,7,125,4/5,14,81589,-62,9.5,37,1
NETLOG,run01,indoor_static,90,100,922.000,7,125,4/5,14,82134,-63,9.5,37,1
NETLOG,run01,indoor_static,91,100,922.000,7,125,4/5,14,82680,-63,9.5,37,1
NETLOG,run01,indoor_static,92,100,922.000,7,125,4/5,14,83227,-63,10.0,37,1
NETLOG,run01,indoor_static,93,100,922.000,7,125,4/5,14,83772,-61,9.25,37,1
NETLOG,run01,indoor_static,94,100,922.000,7,125,4/5,14,84317,-59,9.25,37,1
NETLOG,run01,indoor_static,95,100,922.000,7,125,4/5,14,84862,-59,9.5,37,1
NETLOG,run01,indoor_static,96,100,922.000,7,125,4/5,14,85408,-61,10.0,37,1
NETLOG,run01,indoor_static,97,100,922.000,7,125,4/5,14,85953,-62,9.75,37,1
NETLOG,run01,indoor_static,98,100,922.000,7,125,4/5,14,86498,-62,9.5,37,1
NETLOG,run01,indoor_static,99,100,922.000,7,125,4/5,14,87044,-60,9.75,37,1
NETLOG,run01,indoor_static,100,100,922.000,7,125,4/5,14,87589,-60,9.75,38,1
NETLOG,run01,indoor_static,101,100,922.000,7,125,4/5,14,88140,-60,9.5,38,1
NETLOG,run01,indoor_static,102,100,922.000,7,125,4/5,14,88685,-60,9.5,38,1
NETLOG,run01,indoor_static,103,100,922.000,7,125,4/5,14,89231,-59,9.25,38,1
NETLOG,run01,indoor_static,104,100,922.000,7,125,4/5,14,89781,-60,9.75,38,1
NETLOG,run01,indoor_static,105,100,922.000,7,125,4/5,14,90332,-57,9.5,38,1
NETLOG,run01,indoor_static,106,100,922.000,7,125,4/5,14,90877,-55,9.75,38,1
NETLOG,run01,indoor_static,107,100,922.000,7,125,4/5,14,91428,-55,9.5,38,1
NETLOG,run01,indoor_static,108,100,922.000,7,125,4/5,14,91975,-56,9.5,38,1
NETLOG,run01,indoor_static,109,100,922.000,7,125,4/5,14,92521,-59,9.25,38,1
NETLOG,run01,indoor_static,110,100,922.000,7,125,4/5,14,93071,-57,10.5,38,1
NETLOG,run01,indoor_static,111,100,922.000,7,125,4/5,14,93622,-57,10.0,38,1
NETLOG,run01,indoor_static,112,100,922.000,7,125,4/5,14,94166,-57,9.5,38,1
NETLOG,run01,indoor_static,113,100,922.000,7,125,4/5,14,94712,-57,10.0,38,1
NETLOG,run01,indoor_static,114,100,922.000,7,125,4/5,14,95262,-57,9.75,38,1
NETLOG,run01,indoor_static,115,100,922.000,7,125,4/5,14,95813,-57,10.5,38,1
NETLOG,run01,indoor_static,116,100,922.000,7,125,4/5,14,96365,-58,9.25,38,1
NETLOG,run01,indoor_static,117,100,922.000,7,125,4/5,14,96916,-57,9.25,38,1
NETLOG,run01,indoor_static,118,100,922.000,7,125,4/5,14,97466,-57,9.75,38,1
NETLOG,run01,indoor_static,119,100,922.000,7,125,4/5,14,98017,-57,9.5,38,1
NETLOG,run01,indoor_static,120,100,922.000,7,125,4/5,14,98562,-57,9.5,38,1
NETLOG,run01,indoor_static,121,100,922.000,7,125,4/5,14,99108,-57,9.5,38,1
NETLOG,run01,indoor_static,122,100,922.000,7,125,4/5,14,99653,-57,10.0,38,1
NETLOG,run01,indoor_static,123,100,922.000,7,125,4/5,14,100204,-56,10.0,38,1
NETLOG,run01,indoor_static,124,100,922.000,7,125,4/5,14,100755,-57,10.0,38,1
NETLOG,run01,indoor_static,125,100,922.000,7,125,4/5,14,101305,-57,10.0,38,1
NETLOG,run01,indoor_static,126,100,922.000,7,125,4/5,14,101856,-57,10.0,38,1
NETLOG,run01,indoor_static,127,100,922.000,7,125,4/5,14,102411,-56,9.75,38,1
NETLOG,run01,indoor_static,128,100,922.000,7,125,4/5,14,102961,-57,9.5,38,1
NETLOG,run01,indoor_static,129,100,922.000,7,125,4/5,14,103511,-57,9.5,38,1
NETLOG,run01,indoor_static,130,100,922.000,7,125,4/5,14,104061,-57,9.75,38,1
NETLOG,run01,indoor_static,131,100,922.000,7,125,4/5,14,104612,-57,10.0,38,1
NETLOG,run01,indoor_static,132,100,922.000,7,125,4/5,14,105163,-57,10.0,38,1
NETLOG,run01,indoor_static,133,100,922.000,7,125,4/5,14,105714,-57,9.75,38,1
NETLOG,run01,indoor_static,134,100,922.000,7,125,4/5,14,106264,-56,9.5,38,1
NETLOG,run01,indoor_static,135,100,922.000,7,125,4/5,14,106815,-57,9.25,38,1
NETLOG,run01,indoor_static,136,100,922.000,7,125,4/5,14,107365,-57,10.0,38,1
NETLOG,run01,indoor_static,137,100,922.000,7,125,4/5,14,107916,-57,9.5,38,1
NETLOG,run01,indoor_static,138,100,922.000,7,125,4/5,14,108467,-56,10.0,38,1
NETLOG,run01,indoor_static,139,100,922.000,7,125,4/5,14,109018,-56,9.75,38,1
NETLOG,run01,indoor_static,140,100,922.000,7,125,4/5,14,109568,-56,9.25,38,1
NETLOG,run01,indoor_static,141,100,922.000,7,125,4/5,14,110119,-56,10.0,38,1
NETLOG,run01,indoor_static,142,100,922.000,7,125,4/5,14,110670,-56,9.75,38,1
NETLOG,run01,indoor_static,143,100,922.000,7,125,4/5,14,111220,-56,9.75,38,1
NETLOG,run01,indoor_static,144,100,922.000,7,125,4/5,14,111771,-56,9.5,39,1
NETLOG,run01,indoor_static,145,100,922.000,7,125,4/5,14,112323,-56,9.75,39,1
NETLOG,run01,indoor_static,146,100,922.000,7,125,4/5,14,112874,-56,9.75,39,1
NETLOG,run01,indoor_static,147,100,922.000,7,125,4/5,14,113425,-56,10.0,39,1
NETLOG,run01,indoor_static,148,100,922.000,7,125,4/5,14,113975,-56,10.25,39,1
NETLOG,run01,indoor_static,149,100,922.000,7,125,4/5,14,114526,-56,9.5,39,1
NETLOG,run01,indoor_static,150,100,922.000,7,125,4/5,14,115077,-56,10.25,39,1
NETLOG,run01,indoor_static,151,100,922.000,7,125,4/5,14,115628,-56,9.25,39,1
NETLOG,run01,indoor_static,152,100,922.000,7,125,4/5,14,116180,-57,9.25,39,1
NETLOG,run01,indoor_static,153,100,922.000,7,125,4/5,14,116732,-56,9.75,39,1
NETLOG,run01,indoor_static,154,100,922.000,7,125,4/5,14,117282,-56,9.75,39,1
NETLOG,run01,indoor_static,155,100,922.000,7,125,4/5,14,117832,-56,9.75,39,1
NETLOG,run01,indoor_static,156,100,922.000,7,125,4/5,14,118382,-56,10.0,39,1
NETLOG,run01,indoor_static,157,100,922.000,7,125,4/5,14,118933,-56,10.0,39,1
NETLOG,run01,indoor_static,158,100,922.000,7,125,4/5,14,119484,-56,9.75,39,1
NETLOG,run01,indoor_static,159,100,922.000,7,125,4/5,14,120036,-57,9.75,39,1
NETLOG,run01,indoor_static,160,100,922.000,7,125,4/5,14,120587,-57,9.75,39,1
NETLOG,run01,indoor_static,161,100,922.000,7,125,4/5,14,121138,-57,10.0,39,1
NETLOG,run01,indoor_static,162,100,922.000,7,125,4/5,14,121688,-57,9.5,39,1
NETLOG,run01,indoor_static,163,100,922.000,7,125,4/5,14,122239,-57,9.5,39,1
NETLOG,run01,indoor_static,164,100,922.000,7,125,4/5,14,122790,-58,9.5,39,1
NETLOG,run01,indoor_static,165,100,922.000,7,125,4/5,14,123341,-59,9.5,39,1
NETLOG,run01,indoor_static,166,100,922.000,7,125,4/5,14,123893,-59,9.5,39,1
NETLOG,run01,indoor_static,167,100,922.000,7,125,4/5,14,124444,-59,9.5,39,1
NETLOG,run01,indoor_static,168,100,922.000,7,125,4/5,14,124994,-59,9.0,39,1
NETLOG,run01,indoor_static,169,100,922.000,7,125,4/5,14,125545,-59,9.5,39,1
NETLOG,run01,indoor_static,170,100,922.000,7,125,4/5,14,126096,-59,9.25,39,1
NETLOG,run01,indoor_static,171,100,922.000,7,125,4/5,14,126646,-59,9.0,39,1
NETLOG,run01,indoor_static,172,100,922.000,7,125,4/5,14,127197,-58,9.75,39,1
NETLOG,run01,indoor_static,173,100,922.000,7,125,4/5,14,127750,-57,9.75,39,1
NETLOG,run01,indoor_static,174,100,922.000,7,125,4/5,14,128300,-58,9.25,39,1
NETLOG,run01,indoor_static,175,100,922.000,7,125,4/5,14,128851,-57,9.5,39,1
NETLOG,run01,indoor_static,176,100,922.000,7,125,4/5,14,129401,-57,10.0,39,1
NETLOG,run01,indoor_static,177,100,922.000,7,125,4/5,14,129952,-57,9.5,39,1
NETLOG,run01,indoor_static,178,100,922.000,7,125,4/5,14,130505,-57,9.5,39,1
NETLOG,run01,indoor_static,179,100,922.000,7,125,4/5,14,131056,-57,9.5,39,1
NETLOG,run01,indoor_static,180,100,922.000,7,125,4/5,14,131607,-57,9.75,39,1
NETLOG,run01,indoor_static,181,100,922.000,7,125,4/5,14,132158,-57,9.25,39,1
NETLOG,run01,indoor_static,182,100,922.000,7,125,4/5,14,132709,-57,9.75,39,1
NETLOG,run01,indoor_static,183,100,922.000,7,125,4/5,14,133259,-57,10.0,39,1
NETLOG,run01,indoor_static,184,100,922.000,7,125,4/5,14,133810,-57,9.5,39,1
NETLOG,run01,indoor_static,185,100,922.000,7,125,4/5,14,134361,-57,10.25,39,1
NETLOG,run01,indoor_static,186,100,922.000,7,125,4/5,14,134912,-57,9.75,39,1
NETLOG,run01,indoor_static,187,100,922.000,7,125,4/5,14,135462,-57,9.75,39,1
NETLOG,run01,indoor_static,188,100,922.000,7,125,4/5,14,136013,-57,10.0,39,1
NETLOG,run01,indoor_static,189,100,922.000,7,125,4/5,14,136564,-58,9.5,39,1
NETLOG,run01,indoor_static,190,100,922.000,7,125,4/5,14,137115,-57,9.5,39,1
NETLOG,run01,indoor_static,191,100,922.000,7,125,4/5,14,137665,-57,10.0,39,1
NETLOG,run01,indoor_static,192,100,922.000,7,125,4/5,14,138216,-58,9.75,39,1
NETLOG,run01,indoor_static,193,100,922.000,7,125,4/5,14,138767,-57,9.5,39,1
NETLOG,run01,indoor_static,194,100,922.000,7,125,4/5,14,139318,-57,9.75,39,1
NETLOG,run01,indoor_static,195,100,922.000,7,125,4/5,14,139868,-57,9.75,39,1
NETLOG,run01,indoor_static,196,100,922.000,7,125,4/5,14,140419,-57,10.0,39,1
NETLOG,run01,indoor_static,197,100,922.000,7,125,4/5,14,140970,-57,9.5,39,1
NETLOG,run01,indoor_static,198,100,922.000,7,125,4/5,14,141520,-57,9.75,39,1
NETLOG,run01,indoor_static,199,100,922.000,7,125,4/5,14,142071,-57,10.25,39,1
NETLOG,run01,indoor_static,200,100,922.000,7,125,4/5,14,142622,-57,9.5,39,1
NETLOG,run01,indoor_static,201,100,922.000,7,125,4/5,14,143173,-57,9.75,39,1
NETLOG,run01,indoor_static,202,100,922.000,7,125,4/5,14,143723,-57,9.25,39,1
NETLOG,run01,indoor_static,203,100,922.000,7,125,4/5,14,144274,-57,9.5,39,1
NETLOG,run01,indoor_static,204,100,922.000,7,125,4/5,14,144826,-57,9.75,39,1
NETLOG,run01,indoor_static,205,100,922.000,7,125,4/5,14,145377,-57,10.0,39,1
NETLOG,run01,indoor_static,206,100,922.000,7,125,4/5,14,145927,-57,9.5,39,1
NETLOG,run01,indoor_static,207,100,922.000,7,125,4/5,14,146477,-58,10.25,39,1
NETLOG,run01,indoor_static,208,100,922.000,7,125,4/5,14,147028,-57,9.5,39,1
NETLOG,run01,indoor_static,209,100,922.000,7,125,4/5,14,147579,-58,9.5,39,1
NETLOG,run01,indoor_static,210,100,922.000,7,125,4/5,14,148129,-57,9.5,39,1
NETLOG,run01,indoor_static,211,100,922.000,7,125,4/5,14,148680,-58,9.75,39,1
NETLOG,run01,indoor_static,212,100,922.000,7,125,4/5,14,149230,-57,9.75,39,1
NETLOG,run01,indoor_static,213,100,922.000,7,125,4/5,14,149781,-57,10.0,39,1
NETLOG,run01,indoor_static,214,100,922.000,7,125,4/5,14,150332,-57,9.75,39,1
NETLOG,run01,indoor_static,215,100,922.000,7,125,4/5,14,150883,-57,9.5,39,1
NETLOG,run01,indoor_static,216,100,922.000,7,125,4/5,14,151435,-57,9.75,39,1
NETLOG,run01,indoor_static,217,100,922.000,7,125,4/5,14,151985,-57,9.25,39,1
NETLOG,run01,indoor_static,218,100,922.000,7,125,4/5,14,152536,-60,9.25,39,1
NETLOG,run01,indoor_static,219,100,922.000,7,125,4/5,14,153087,-58,9.25,39,1
NETLOG,run01,indoor_static,220,100,922.000,7,125,4/5,14,153637,-58,9.5,39,1
NETLOG,run01,indoor_static,221,100,922.000,7,125,4/5,14,154188,-58,9.5,39,1
NETLOG,run01,indoor_static,222,100,922.000,7,125,4/5,14,154739,-58,8.75,39,1
NETLOG,run01,indoor_static,223,100,922.000,7,125,4/5,14,155291,-58,9.75,39,1
NETLOG,run01,indoor_static,224,100,922.000,7,125,4/5,14,155842,-59,9.25,39,1
NETLOG,run01,indoor_static,225,100,922.000,7,125,4/5,14,156393,-56,9.25,39,1
NETLOG,run01,indoor_static,226,100,922.000,7,125,4/5,14,156943,-60,9.5,39,1
NETLOG,run01,indoor_static,227,100,922.000,7,125,4/5,14,157494,-59,11.0,39,1
NETLOG,run01,indoor_static,228,100,922.000,7,125,4/5,14,158045,-57,10.0,39,1
NETLOG,run01,indoor_static,229,100,922.000,7,125,4/5,14,158596,-56,9.5,39,1
NETLOG,run01,indoor_static,230,100,922.000,7,125,4/5,14,159149,-58,9.5,39,1
NETLOG,run01,indoor_static,231,100,922.000,7,125,4/5,14,159700,-60,9.25,39,1
NETLOG,run01,indoor_static,232,100,922.000,7,125,4/5,14,160250,-55,9.0,39,1
NETLOG,run01,indoor_static,233,100,922.000,7,125,4/5,14,160801,-54,9.75,39,1
NETLOG,run01,indoor_static,234,100,922.000,7,125,4/5,14,161352,-66,9.0,39,1
NETLOG,run01,indoor_static,235,100,922.000,7,125,4/5,14,161902,-75,8.25,39,1
NETLOG,run01,indoor_static,236,100,922.000,7,125,4/5,14,162453,-66,9.5,39,1
NETLOG,run01,indoor_static,237,100,922.000,7,125,4/5,14,163005,-65,9.0,39,1
NETLOG,run01,indoor_static,238,100,922.000,7,125,4/5,14,163556,-63,9.5,39,1
NETLOG,run01,indoor_static,239,100,922.000,7,125,4/5,14,164107,-63,9.5,39,1
NETLOG,run01,indoor_static,240,100,922.000,7,125,4/5,14,164657,-55,9.5,39,1
NETLOG,run01,indoor_static,241,100,922.000,7,125,4/5,14,165208,-54,9.75,39,1
NETLOG,run01,indoor_static,242,100,922.000,7,125,4/5,14,165759,-58,9.25,39,1
NETLOG,run01,indoor_static,243,100,922.000,7,125,4/5,14,166310,-60,9.75,39,1
NETLOG,run01,indoor_static,244,100,922.000,7,125,4/5,14,166862,-59,9.5,39,1
NETLOG,run01,indoor_static,245,100,922.000,7,125,4/5,14,167413,-56,9.5,39,1
NETLOG,run01,indoor_static,246,100,922.000,7,125,4/5,14,167963,-58,9.5,39,1
NETLOG,run01,indoor_static,247,100,922.000,7,125,4/5,14,168514,-60,9.75,39,1
NETLOG,run01,indoor_static,248,100,922.000,7,125,4/5,14,169065,-65,9.25,39,1
NETLOG,run01,indoor_static,249,100,922.000,7,125,4/5,14,169615,-64,9.25,39,1
NETLOG,run01,indoor_static,250,100,922.000,7,125,4/5,14,170166,-56,9.5,39,1
NETLOG,run01,indoor_static,251,100,922.000,7,125,4/5,14,170719,-64,9.25,39,1
NETLOG,run01,indoor_static,252,100,922.000,7,125,4/5,14,171269,-65,9.25,39,1
NETLOG,run01,indoor_static,253,100,922.000,7,125,4/5,14,171820,-60,9.5,39,1
NETLOG,run01,indoor_static,254,100,922.000,7,125,4/5,14,172371,-62,9.75,39,1
NETLOG,run01,indoor_static,255,100,922.000,7,125,4/5,14,172923,-64,9.25,39,1
NETLOG,run01,indoor_static,256,100,922.000,7,125,4/5,14,173473,-61,9.75,39,1
NETLOG,run01,indoor_static,257,100,922.000,7,125,4/5,14,174024,-62,10.25,39,1
NETLOG,run01,indoor_static,258,100,922.000,7,125,4/5,14,174577,-63,9.5,39,1
NETLOG,run01,indoor_static,259,100,922.000,7,125,4/5,14,175127,-63,9.5,39,1
NETLOG,run01,indoor_static,260,100,922.000,7,125,4/5,14,175678,-63,9.5,39,1
NETLOG,run01,indoor_static,261,100,922.000,7,125,4/5,14,176229,-63,9.5,39,1
NETLOG,run01,indoor_static,262,100,922.000,7,125,4/5,14,176779,-61,9.75,39,1
NETLOG,run01,indoor_static,263,100,922.000,7,125,4/5,14,177330,-61,9.5,39,1
NETLOG,run01,indoor_static,264,100,922.000,7,125,4/5,14,177881,-61,9.5,39,1
NETLOG,run01,indoor_static,265,100,922.000,7,125,4/5,14,178432,-59,9.5,39,1
NETLOG,run01,indoor_static,266,100,922.000,7,125,4/5,14,178983,-58,9.5,39,1
NETLOG,run01,indoor_static,267,100,922.000,7,125,4/5,14,179533,-60,9.25,39,1
NETLOG,run01,indoor_static,268,100,922.000,7,125,4/5,14,180084,-58,9.5,39,1
NETLOG,run01,indoor_static,269,100,922.000,7,125,4/5,14,180635,-58,9.5,39,1
NETLOG,run01,indoor_static,270,100,922.000,7,125,4/5,14,181185,-62,9.25,39,1
NETLOG,run01,indoor_static,271,100,922.000,7,125,4/5,14,181737,-57,9.5,39,1
NETLOG,run01,indoor_static,272,100,922.000,7,125,4/5,14,182287,-57,10.25,39,1
NETLOG,run01,indoor_static,273,100,922.000,7,125,4/5,14,182838,-58,9.0,39,1
NETLOG,run01,indoor_static,274,100,922.000,7,125,4/5,14,183389,-59,9.5,39,1
NETLOG,run01,indoor_static,275,100,922.000,7,125,4/5,14,183939,-59,9.25,39,1
NETLOG,run01,indoor_static,276,100,922.000,7,125,4/5,14,184490,-61,9.25,39,1
NETLOG,run01,indoor_static,277,100,922.000,7,125,4/5,14,185041,-61,9.25,39,1
NETLOG,run01,indoor_static,278,100,922.000,7,125,4/5,14,185591,-59,9.75,39,1
NETLOG,run01,indoor_static,279,100,922.000,7,125,4/5,14,186142,-61,9.25,39,1
NETLOG,run01,indoor_static,280,100,922.000,7,125,4/5,14,186694,-60,9.75,39,1
NETLOG,run01,indoor_static,281,100,922.000,7,125,4/5,14,187245,-60,9.25,39,1
NETLOG,run01,indoor_static,282,100,922.000,7,125,4/5,14,187795,-60,9.5,39,1
NETLOG,run01,indoor_static,283,100,922.000,7,125,4/5,14,188346,-59,9.5,39,1
NETLOG,run01,indoor_static,284,100,922.000,7,125,4/5,14,188896,-58,9.75,39,1
NETLOG,run01,indoor_static,285,100,922.000,7,125,4/5,14,189447,-61,9.0,39,1
NETLOG,run01,indoor_static,286,100,922.000,7,125,4/5,14,189998,-59,9.75,39,1
NETLOG,run01,indoor_static,287,100,922.000,7,125,4/5,14,190550,-57,9.25,39,1
NETLOG,run01,indoor_static,289,100,922.000,7,125,4/5,14,193445,-57,10.0,39,1
NETLOG,run01,indoor_static,290,100,922.000,7,125,4/5,14,193997,-57,9.5,39,1
NETLOG,run01,indoor_static,291,100,922.000,7,125,4/5,14,194548,-57,9.5,39,1
NETLOG,run01,indoor_static,292,100,922.000,7,125,4/5,14,195099,-58,9.5,39,1
NETLOG,run01,indoor_static,293,100,922.000,7,125,4/5,14,195650,-55,9.5,39,1
NETLOG,run01,indoor_static,294,100,922.000,7,125,4/5,14,196200,-61,9.5,39,1
NETLOG,run01,indoor_static,295,100,922.000,7,125,4/5,14,196751,-60,9.75,39,1
NETLOG,run01,indoor_static,296,100,922.000,7,125,4/5,14,197302,-61,9.5,39,1
NETLOG,run01,indoor_static,297,100,922.000,7,125,4/5,14,197853,-65,9.5,39,1
NETLOG,run01,indoor_static,298,100,922.000,7,125,4/5,14,198403,-68,9.5,39,1
NETLOG,run01,indoor_static,299,100,922.000,7,125,4/5,14,198954,-67,9.0,39,1
NETLOG,run01,indoor_static,300,100,922.000,7,125,4/5,14,199505,-65,9.25,39,1
NETLOG,run01,indoor_static,301,100,922.000,7,125,4/5,14,200055,-66,9.0,39,1
NETLOG,run01,indoor_static,302,100,922.000,7,125,4/5,14,200606,-65,9.5,39,1
NETLOG,run01,indoor_static,303,100,922.000,7,125,4/5,14,201157,-61,9.25,39,1
NETLOG,run01,indoor_static,304,100,922.000,7,125,4/5,14,201708,-61,9.75,39,1
NETLOG,run01,indoor_static,305,100,922.000,7,125,4/5,14,202259,-62,10.0,39,1
NETLOG,run01,indoor_static,306,100,922.000,7,125,4/5,14,202810,-62,9.75,39,1
NETLOG,run01,indoor_static,307,100,922.000,7,125,4/5,14,203360,-63,10.25,39,1
NETLOG,run01,indoor_static,308,100,922.000,7,125,4/5,14,203911,-62,9.75,39,1
NETLOG,run01,indoor_static,309,100,922.000,7,125,4/5,14,204465,-62,9.75,39,1
NETLOG,run01,indoor_static,310,100,922.000,7,125,4/5,14,205015,-62,9.5,39,1
NETLOG,run01,indoor_static,311,100,922.000,7,125,4/5,14,205566,-62,9.5,39,1
NETLOG,run01,indoor_static,312,100,922.000,7,125,4/5,14,206116,-63,9.25,39,1
NETLOG,run01,indoor_static,313,100,922.000,7,125,4/5,14,206667,-64,9.75,39,1
NETLOG,run01,indoor_static,314,100,922.000,7,125,4/5,14,207218,-63,9.75,39,1
NETLOG,run01,indoor_static,315,100,922.000,7,125,4/5,14,207769,-63,9.25,39,1
NETLOG,run01,indoor_static,316,100,922.000,7,125,4/5,14,208319,-62,10.0,39,1
NETLOG,run01,indoor_static,317,100,922.000,7,125,4/5,14,208870,-63,9.75,39,1
NETLOG,run01,indoor_static,318,100,922.000,7,125,4/5,14,209421,-63,9.25,39,1
NETLOG,run01,indoor_static,319,100,922.000,7,125,4/5,14,209973,-64,9.0,39,1
NETLOG,run01,indoor_static,320,100,922.000,7,125,4/5,14,210523,-63,9.5,39,1
NETLOG,run01,indoor_static,321,100,922.000,7,125,4/5,14,211074,-63,9.5,39,1
NETLOG,run01,indoor_static,322,100,922.000,7,125,4/5,14,211625,-63,9.75,39,1
NETLOG,run01,indoor_static,323,100,922.000,7,125,4/5,14,212176,-63,10.0,39,1
NETLOG,run01,indoor_static,324,100,922.000,7,125,4/5,14,212726,-64,9.75,39,1
NETLOG,run01,indoor_static,325,100,922.000,7,125,4/5,14,213277,-63,10.0,39,1
NETLOG,run01,indoor_static,326,100,922.000,7,125,4/5,14,213829,-64,9.0,39,1
NETLOG,run01,indoor_static,327,100,922.000,7,125,4/5,14,214380,-64,9.5,39,1
NETLOG,run01,indoor_static,328,100,922.000,7,125,4/5,14,214930,-64,9.5,39,1
NETLOG,run01,indoor_static,329,100,922.000,7,125,4/5,14,215481,-64,9.5,39,1
NETLOG,run01,indoor_static,330,100,922.000,7,125,4/5,14,216032,-64,9.0,39,1
NETLOG,run01,indoor_static,331,100,922.000,7,125,4/5,14,216582,-64,9.25,39,1
NETLOG,run01,indoor_static,332,100,922.000,7,125,4/5,14,217133,-64,9.25,39,1
NETLOG,run01,indoor_static,333,100,922.000,7,125,4/5,14,217685,-64,9.0,39,1
NETLOG,run01,indoor_static,334,100,922.000,7,125,4/5,14,218239,-64,9.25,39,1
NETLOG,run01,indoor_static,335,100,922.000,7,125,4/5,14,218789,-63,9.0,39,1
NETLOG,run01,indoor_static,336,100,922.000,7,125,4/5,14,219339,-64,9.5,39,1
NETLOG,run01,indoor_static,337,100,922.000,7,125,4/5,14,219889,-63,9.25,39,1
NETLOG,run01,indoor_static,338,100,922.000,7,125,4/5,14,220440,-64,8.75,39,1
NETLOG,run01,indoor_static,339,100,922.000,7,125,4/5,14,220990,-63,9.25,39,1
NETLOG,run01,indoor_static,340,100,922.000,7,125,4/5,14,221543,-63,9.5,39,1
NETLOG,run01,indoor_static,341,100,922.000,7,125,4/5,14,222093,-63,9.75,39,1
NETLOG,run01,indoor_static,342,100,922.000,7,125,4/5,14,222644,-62,9.75,39,1
NETLOG,run01,indoor_static,343,100,922.000,7,125,4/5,14,223194,-62,9.5,39,1
NETLOG,run01,indoor_static,344,100,922.000,7,125,4/5,14,223745,-60,9.75,39,1
NETLOG,run01,indoor_static,345,100,922.000,7,125,4/5,14,224296,-60,9.5,39,1
NETLOG,run01,indoor_static,346,100,922.000,7,125,4/5,14,224847,-55,9.5,39,1
NETLOG,run01,indoor_static,347,100,922.000,7,125,4/5,14,225399,-55,9.75,39,1
NETLOG,run01,indoor_static,348,100,922.000,7,125,4/5,14,225950,-56,9.75,39,1
NETLOG,run01,indoor_static,349,100,922.000,7,125,4/5,14,226500,-57,9.5,39,1
NETLOG,run01,indoor_static,350,100,922.000,7,125,4/5,14,227051,-56,11.0,39,1
NETLOG,run01,indoor_static,351,100,922.000,7,125,4/5,14,227602,-56,10.75,39,1
NETLOG,run01,indoor_static,352,100,922.000,7,125,4/5,14,228152,-54,9.5,39,1
NETLOG,run01,indoor_static,353,100,922.000,7,125,4/5,14,228703,-57,9.75,39,1
NETLOG,run01,indoor_static,354,100,922.000,7,125,4/5,14,229256,-60,9.5,39,1
NETLOG,run01,indoor_static,355,100,922.000,7,125,4/5,14,229806,-60,9.5,39,1
NETLOG,run01,indoor_static,356,100,922.000,7,125,4/5,14,230357,-56,9.5,39,1
NETLOG,run01,indoor_static,357,100,922.000,7,125,4/5,14,230908,-70,9.5,39,1
NETLOG,run01,indoor_static,358,100,922.000,7,125,4/5,14,231458,-62,9.5,39,1
NETLOG,run01,indoor_static,360,100,922.000,7,125,4/5,14,234354,-60,9.75,39,1
NETLOG,run01,indoor_static,361,100,922.000,7,125,4/5,14,234905,-59,9.75,39,1
NETLOG,run01,indoor_static,362,100,922.000,7,125,4/5,14,235455,-59,9.5,39,1
NETLOG,run01,indoor_static,363,100,922.000,7,125,4/5,14,236006,-57,9.5,39,1
NETLOG,run01,indoor_static,364,100,922.000,7,125,4/5,14,236559,-62,9.75,39,1
NETLOG,run01,indoor_static,365,100,922.000,7,125,4/5,14,237110,-59,9.5,39,1
NETLOG,run01,indoor_static,366,100,922.000,7,125,4/5,14,237660,-59,9.75,39,1
NETLOG,run01,indoor_static,367,100,922.000,7,125,4/5,14,238211,-59,9.0,39,1
NETLOG,run01,indoor_static,368,100,922.000,7,125,4/5,14,238762,-57,9.5,39,1
NETLOG,run01,indoor_static,369,100,922.000,7,125,4/5,14,239312,-58,9.25,39,1
NETLOG,run01,indoor_static,370,100,922.000,7,125,4/5,14,239863,-58,9.75,39,1
NETLOG,run01,indoor_static,371,100,922.000,7,125,4/5,14,240414,-58,9.25,39,1
NETLOG,run01,indoor_static,372,100,922.000,7,125,4/5,14,240966,-60,9.25,39,1
NETLOG,run01,indoor_static,373,100,922.000,7,125,4/5,14,241517,-58,10.0,39,1
NETLOG,run01,indoor_static,374,100,922.000,7,125,4/5,14,242067,-63,9.75,39,1
NETLOG,run01,indoor_static,375,100,922.000,7,125,4/5,14,242618,-60,9.5,39,1
NETLOG,run01,indoor_static,376,100,922.000,7,125,4/5,14,243169,-67,9.5,39,1
NETLOG,run01,indoor_static,377,100,922.000,7,125,4/5,14,243719,-56,9.75,39,1
NETLOG,run01,indoor_static,378,100,922.000,7,125,4/5,14,244270,-56,9.75,39,1
NETLOG,run01,indoor_static,379,100,922.000,7,125,4/5,14,244822,-58,9.25,39,1
NETLOG,run01,indoor_static,380,100,922.000,7,125,4/5,14,245373,-57,9.5,39,1
NETLOG,run01,indoor_static,381,100,922.000,7,125,4/5,14,245924,-58,9.75,39,1
NETLOG,run01,indoor_static,382,100,922.000,7,125,4/5,14,246474,-57,9.75,39,1
NETLOG,run01,indoor_static,383,100,922.000,7,125,4/5,14,247025,-57,10.0,39,1
NETLOG,run01,indoor_static,384,100,922.000,7,125,4/5,14,247576,-57,10.0,39,1
NETLOG,run01,indoor_static,385,100,922.000,7,125,4/5,14,248127,-58,10.25,39,1
NETLOG,run01,indoor_static,386,100,922.000,7,125,4/5,14,248679,-58,9.5,39,1
NETLOG,run01,indoor_static,387,100,922.000,7,125,4/5,14,249229,-57,9.75,39,1
NETLOG,run01,indoor_static,388,100,922.000,7,125,4/5,14,249780,-57,9.25,39,1
NETLOG,run01,indoor_static,389,100,922.000,7,125,4/5,14,250333,-57,9.5,39,1
NETLOG,run01,indoor_static,390,100,922.000,7,125,4/5,14,250883,-57,9.25,39,1
NETLOG,run01,indoor_static,391,100,922.000,7,125,4/5,14,251433,-58,9.75,39,1
NETLOG,run01,indoor_static,392,100,922.000,7,125,4/5,14,251984,-58,9.5,39,1
NETLOG,run01,indoor_static,393,100,922.000,7,125,4/5,14,252537,-58,9.75,39,1
NETLOG,run01,indoor_static,394,100,922.000,7,125,4/5,14,253087,-57,9.5,39,1
NETLOG,run01,indoor_static,395,100,922.000,7,125,4/5,14,253638,-57,9.25,39,1
NETLOG,run01,indoor_static,396,100,922.000,7,125,4/5,14,254188,-58,9.25,39,1
NETLOG,run01,indoor_static,397,100,922.000,7,125,4/5,14,254739,-58,9.75,39,1
NETLOG,run01,indoor_static,398,100,922.000,7,125,4/5,14,255290,-57,9.75,39,1
NETLOG,run01,indoor_static,399,100,922.000,7,125,4/5,14,255841,-57,9.5,39,1
NETLOG,run01,indoor_static,400,100,922.000,7,125,4/5,14,256393,-57,9.5,39,1
NETLOG,run01,indoor_static,401,100,922.000,7,125,4/5,14,256944,-58,9.5,39,1
NETLOG,run01,indoor_static,402,100,922.000,7,125,4/5,14,257494,-58,10.0,39,1
NETLOG,run01,indoor_static,403,100,922.000,7,125,4/5,14,258045,-59,9.5,39,1
NETLOG,run01,indoor_static,404,100,922.000,7,125,4/5,14,258596,-58,9.0,39,1
NETLOG,run01,indoor_static,405,100,922.000,7,125,4/5,14,259146,-61,9.75,39,1
NETLOG,run01,indoor_static,406,100,922.000,7,125,4/5,14,259697,-60,9.25,39,1
NETLOG,run01,indoor_static,407,100,922.000,7,125,4/5,14,260250,-58,10.0,39,1
NETLOG,run01,indoor_static,408,100,922.000,7,125,4/5,14,260800,-57,9.25,39,1
NETLOG,run01,indoor_static,409,100,922.000,7,125,4/5,14,261351,-61,9.5,39,1
NETLOG,run01,indoor_static,410,100,922.000,7,125,4/5,14,261901,-61,9.75,39,1
NETLOG,run01,indoor_static,411,100,922.000,7,125,4/5,14,262452,-69,9.25,39,1
NETLOG,run01,indoor_static,412,100,922.000,7,125,4/5,14,263003,-63,9.75,39,1
NETLOG,run01,indoor_static,413,100,922.000,7,125,4/5,14,263554,-68,9.5,39,1
NETLOG,run01,indoor_static,414,100,922.000,7,125,4/5,14,264108,-65,9.5,39,1
NETLOG,run01,indoor_static,415,100,922.000,7,125,4/5,14,264658,-60,10.0,39,1
NETLOG,run01,indoor_static,416,100,922.000,7,125,4/5,14,265209,-69,9.5,39,1
NETLOG,run01,indoor_static,417,100,922.000,7,125,4/5,14,265760,-63,9.0,39,1
NETLOG,run01,indoor_static,418,100,922.000,7,125,4/5,14,266310,-60,9.75,39,1
NETLOG,run01,indoor_static,419,100,922.000,7,125,4/5,14,266861,-59,9.5,39,1
NETLOG,run01,indoor_static,420,100,922.000,7,125,4/5,14,267412,-58,9.5,39,1
NETLOG,run01,indoor_static,421,100,922.000,7,125,4/5,14,267964,-64,9.25,39,1
NETLOG,run01,indoor_static,422,100,922.000,7,125,4/5,14,268515,-69,9.5,39,1
NETLOG,run01,indoor_static,423,100,922.000,7,125,4/5,14,269065,-61,9.5,39,1
NETLOG,run01,indoor_static,424,100,922.000,7,125,4/5,14,269616,-61,9.5,39,1
NETLOG,run01,indoor_static,425,100,922.000,7,125,4/5,14,270167,-65,9.5,39,1
NETLOG,run01,indoor_static,426,100,922.000,7,125,4/5,14,270718,-62,9.5,39,1
NETLOG,run01,indoor_static,427,100,922.000,7,125,4/5,14,271269,-61,9.5,39,1
NETLOG,run01,indoor_static,428,100,922.000,7,125,4/5,14,271819,-65,9.5,39,1
NETLOG,run01,indoor_static,429,100,922.000,7,125,4/5,14,272370,-65,9.5,39,1
NETLOG,run01,indoor_static,430,100,922.000,7,125,4/5,14,272921,-66,9.25,39,1
NETLOG,run01,indoor_static,431,100,922.000,7,125,4/5,14,273471,-67,9.25,39,1
NETLOG,run01,indoor_static,432,100,922.000,7,125,4/5,14,274022,-63,9.75,39,1
NETLOG,run01,indoor_static,433,100,922.000,7,125,4/5,14,274573,-62,11.0,39,1
NETLOG,run01,indoor_static,434,100,922.000,7,125,4/5,14,275124,-62,9.25,39,1
NETLOG,run01,indoor_static,435,100,922.000,7,125,4/5,14,275675,-63,9.5,39,1
NETLOG,run01,indoor_static,436,100,922.000,7,125,4/5,14,276225,-62,10.0,39,1
NETLOG,run01,indoor_static,437,100,922.000,7,125,4/5,14,276776,-63,9.5,39,1
NETLOG,run01,indoor_static,438,100,922.000,7,125,4/5,14,277327,-63,9.75,39,1
NETLOG,run01,indoor_static,439,100,922.000,7,125,4/5,14,277880,-63,9.5,39,1
NETLOG,run01,indoor_static,440,100,922.000,7,125,4/5,14,278430,-63,9.75,39,1
NETLOG,run01,indoor_static,441,100,922.000,7,125,4/5,14,278981,-63,9.75,39,1
NETLOG,run01,indoor_static,442,100,922.000,7,125,4/5,14,279532,-62,9.5,39,1
NETLOG,run01,indoor_static,443,100,922.000,7,125,4/5,14,280082,-62,9.5,39,1
NETLOG,run01,indoor_static,444,100,922.000,7,125,4/5,14,280633,-63,9.5,39,1
NETLOG,run01,indoor_static,445,100,922.000,7,125,4/5,14,281184,-63,9.75,39,1
NETLOG,run01,indoor_static,446,100,922.000,7,125,4/5,14,281734,-64,9.0,39,1
NETLOG,run01,indoor_static,447,100,922.000,7,125,4/5,14,282285,-64,9.0,39,1
NETLOG,run01,indoor_static,448,100,922.000,7,125,4/5,14,282836,-63,9.25,39,1
NETLOG,run01,indoor_static,449,100,922.000,7,125,4/5,14,283387,-64,9.25,39,1
NETLOG,run01,indoor_static,450,100,922.000,7,125,4/5,14,283939,-64,9.25,39,1
NETLOG,run01,indoor_static,451,100,922.000,7,125,4/5,14,284489,-62,9.5,39,1
NETLOG,run01,indoor_static,452,100,922.000,7,125,4/5,14,285040,-62,9.25,39,1
NETLOG,run01,indoor_static,453,100,922.000,7,125,4/5,14,285591,-61,9.5,39,1
NETLOG,run01,indoor_static,454,100,922.000,7,125,4/5,14,286141,-62,9.25,39,1
NETLOG,run01,indoor_static,455,100,922.000,7,125,4/5,14,286692,-61,10.25,39,1
NETLOG,run01,indoor_static,456,100,922.000,7,125,4/5,14,287243,-61,10.0,39,1
NETLOG,run01,indoor_static,457,100,922.000,7,125,4/5,14,287795,-62,9.5,39,1
NETLOG,run01,indoor_static,458,100,922.000,7,125,4/5,14,288346,-61,9.75,39,1
NETLOG,run01,indoor_static,459,100,922.000,7,125,4/5,14,288896,-62,9.25,39,1
NETLOG,run01,indoor_static,460,100,922.000,7,125,4/5,14,289447,-62,9.25,39,1
NETLOG,run01,indoor_static,461,100,922.000,7,125,4/5,14,289998,-61,9.5,39,1
NETLOG,run01,indoor_static,462,100,922.000,7,125,4/5,14,290549,-61,9.75,39,1
NETLOG,run01,indoor_static,463,100,922.000,7,125,4/5,14,291100,-61,9.5,39,1
NETLOG,run01,indoor_static,464,100,922.000,7,125,4/5,14,291655,-61,10.5,39,1
NETLOG,run01,indoor_static,465,100,922.000,7,125,4/5,14,292205,-62,9.75,39,1
NETLOG,run01,indoor_static,466,100,922.000,7,125,4/5,14,292756,-61,9.5,39,1
NETLOG,run01,indoor_static,467,100,922.000,7,125,4/5,14,293306,-62,9.5,39,1
NETLOG,run01,indoor_static,468,100,922.000,7,125,4/5,14,293857,-62,9.25,39,1
NETLOG,run01,indoor_static,469,100,922.000,7,125,4/5,14,294408,-61,10.0,39,1
NETLOG,run01,indoor_static,470,100,922.000,7,125,4/5,14,294959,-61,9.5,39,1
NETLOG,run01,indoor_static,471,100,922.000,7,125,4/5,14,295511,-61,9.5,39,1
NETLOG,run01,indoor_static,472,100,922.000,7,125,4/5,14,296061,-60,9.75,39,1
NETLOG,run01,indoor_static,473,100,922.000,7,125,4/5,14,296612,-62,9.75,39,1
NETLOG,run01,indoor_static,474,100,922.000,7,125,4/5,14,297163,-62,9.5,39,1
NETLOG,run01,indoor_static,475,100,922.000,7,125,4/5,14,297713,-63,9.25,39,1
NETLOG,run01,indoor_static,476,100,922.000,7,125,4/5,14,298264,-63,9.75,39,1
NETLOG,run01,indoor_static,477,100,922.000,7,125,4/5,14,298815,-63,9.75,39,1
NETLOG,run01,indoor_static,478,100,922.000,7,125,4/5,14,299367,-63,9.5,39,1
NETLOG,run01,indoor_static,479,100,922.000,7,125,4/5,14,299918,-63,9.25,39,1
NETLOG,run01,indoor_static,480,100,922.000,7,125,4/5,14,300469,-63,9.25,39,1
NETLOG,run01,indoor_static,481,100,922.000,7,125,4/5,14,301020,-63,11.75,39,1
NETLOG,run01,indoor_static,482,100,922.000,7,125,4/5,14,301570,-63,11.25,39,1
NETLOG,run01,indoor_static,483,100,922.000,7,125,4/5,14,302121,-63,9.5,39,1
NETLOG,run01,indoor_static,484,100,922.000,7,125,4/5,14,302672,-63,9.5,39,1
NETLOG,run01,indoor_static,485,100,922.000,7,125,4/5,14,303224,-63,9.75,39,1
NETLOG,run01,indoor_static,486,100,922.000,7,125,4/5,14,303775,-63,10.25,39,1
NETLOG,run01,indoor_static,487,100,922.000,7,125,4/5,14,304326,-63,9.75,39,1
NETLOG,run01,indoor_static,488,100,922.000,7,125,4/5,14,304876,-63,10.25,39,1
NETLOG,run01,indoor_static,489,100,922.000,7,125,4/5,14,305431,-62,9.5,39,1
NETLOG,run01,indoor_static,490,100,922.000,7,125,4/5,14,305981,-62,9.75,39,1
NETLOG,run01,indoor_static,491,100,922.000,7,125,4/5,14,306532,-62,9.75,39,1
NETLOG,run01,indoor_static,492,100,922.000,7,125,4/5,14,307083,-62,9.5,39,1
NETLOG,run01,indoor_static,493,100,922.000,7,125,4/5,14,307634,-63,9.5,39,1
NETLOG,run01,indoor_static,494,100,922.000,7,125,4/5,14,308184,-64,10.0,39,1
NETLOG,run01,indoor_static,495,100,922.000,7,125,4/5,14,308735,-64,9.25,39,1
NETLOG,run01,indoor_static,496,100,922.000,7,125,4/5,14,309285,-64,9.0,39,1
NETLOG,run01,indoor_static,497,100,922.000,7,125,4/5,14,309836,-64,9.25,39,1
NETLOG,run01,indoor_static,498,100,922.000,7,125,4/5,14,310387,-64,9.25,39,1
NETLOG,run01,indoor_static,499,100,922.000,7,125,4/5,14,310940,-65,9.0,39,1

